"Mun US Noti MG","Semana 01","Semana 02","Semana 03","Semana 04","Semana 05","Semana 06","Semana 07","Semana 08","Semana 09","Semana 10","Semana 11","Semana 12","Semana 13","Semana 14","Semana 15","Semana 16","Semana 17","Semana 18","Semana 19","Semana 20","Semana 21","Semana 22","Semana 23","Semana 24","Semana 25","Semana 26","Semana 27","Semana 28","Semana 29","Semana 30","Semana 31","Semana 32","Semana 33","Semana 34","Semana 35","Semana 36","Semana 37","Semana 38","Semana 39","Semana 40","Semana 41","Semana 42","Total"
"310010 Abadia dos Dourados",0,0,1,2,2,1,2,4,5,5,10,9,5,11,7,12,3,7,11,6,1,3,1,4,2,0,0,0,0,1,0,0,0,0,0,0,0,0,0,0,0,0,115
"310020 Abaeté",0,0,0,0,0,2,0,0,0,0,0,0,1,0,0,0,0,0,0,1,0,0,0,0,0,0,0,0,0,0,0,0,0,0,0,0,0,0,0,0,0,0,4
"310030 Abre Campo",0,0,0,2,0,2,0,0,2,0,1,1,1,6,2,3,4,3,2,2,6,4,0,5,0,3,0,0,0,0,1,0,0,0,0,0,0,0,0,0,0,0,50
"310040 Acaiaca",1,3,5,3,14,23,36,33,43,64,28,20,11,9,16,3,9,2,0,0,0,0,0,0,0,0,0,0,0,0,0,0,0,0,0,0,0,0,0,0,0,0,323
"310050 Açucena",1,1,0,0,4,0,0,3,1,1,1,1,0,0,1,0,0,1,0,0,0,0,0,0,0,0,0,0,0,0,0,0,0,0,0,0,0,0,0,0,0,0,15
"310060 Água Boa",0,0,1,0,3,0,0,2,1,0,0,0,0,0,0,0,0,3,0,0,0,0,0,0,0,0,0,1,0,0,0,1,0,0,0,1,0,0,0,0,0,0,13
"310070 Água Comprida",0,0,1,4,1,5,9,4,6,7,9,24,20,23,34,16,26,28,17,17,25,10,11,7,4,5,14,3,4,3,7,1,0,5,2,1,0,2,3,2,2,0,362
"310080 Aguanil",1,0,0,0,0,0,0,0,0,0,0,0,0,2,10,1,0,1,1,0,1,0,0,0,0,0,0,0,0,0,0,0,0,0,0,0,0,0,0,0,0,0,17
"310090 Águas Formosas",0,1,0,0,0,0,4,3,0,0,3,1,1,0,1,2,1,0,1,1,3,2,3,1,0,0,2,1,0,0,1,2,1,0,0,2,0,0,0,1,0,0,38
"310100 Águas Vermelhas",0,0,0,1,0,1,0,0,0,0,0,0,0,0,2,1,0,0,0,0,0,0,0,0,0,0,0,0,0,0,0,0,0,0,0,0,0,0,0,0,0,0,5
"310110 Aimorés",0,1,1,2,1,0,0,1,0,0,0,1,3,2,2,2,1,5,4,4,3,5,0,2,1,2,1,1,0,0,0,0,1,0,1,3,0,2,4,2,3,1,62
"310120 Aiuruoca",0,0,0,0,0,0,0,2,0,0,0,0,1,1,0,0,0,0,0,0,0,0,0,0,0,0,0,0,0,0,0,0,0,0,0,0,0,0,0,0,0,0,4
"310130 Alagoa",0,0,0,0,0,0,0,0,0,0,0,0,0,0,0,0,0,0,0,0,0,0,0,0,0,0,0,0,0,0,0,0,0,0,0,0,0,0,0,0,0,0,0
"310140 Albertina",0,0,1,0,0,0,0,1,0,0,0,0,5,4,5,3,2,1,2,3,0,0,0,0,0,0,0,0,0,0,0,0,0,0,0,0,0,0,0,0,0,0,27
"310150 Além Paraíba",0,1,0,3,1,6,3,14,14,17,25,22,46,35,19,13,9,28,15,22,7,4,7,5,3,5,3,1,1,1,0,1,1,1,2,0,1,0,0,1,2,0,339
"310160 Alfenas",2,3,1,9,6,2,10,9,14,14,19,19,19,22,15,14,23,15,8,8,11,2,2,2,3,3,3,0,2,1,0,0,1,1,0,1,0,1,2,21,1,0,289
"310163 Alfredo Vasconcelos",0,0,0,0,0,0,0,0,0,0,0,0,0,0,0,0,0,1,0,0,0,0,1,0,0,0,0,0,0,0,0,0,0,0,0,0,0,0,0,0,0,0,2
"310170 Almenara",0,0,0,0,0,1,0,0,0,0,1,0,0,0,0,0,0,0,0,0,0,0,0,0,0,0,0,0,0,0,0,0,0,0,0,0,0,0,0,0,0,0,2
"310180 Alpercata",0,1,2,1,0,0,0,0,1,1,1,0,0,0,0,0,0,0,0,0,0,0,0,0,0,0,0,0,0,0,0,0,0,0,0,0,0,0,0,0,0,0,7
"310190 Alpinópolis",1,4,1,1,2,0,0,3,6,2,3,3,7,1,3,1,1,0,0,3,2,1,1,0,0,0,5,1,0,0,0,0,0,0,0,0,0,0,0,0,0,0,52
"310200 Alterosa",0,6,10,9,10,19,22,33,57,46,16,1,0,3,1,0,0,0,0,0,0,0,0,0,0,0,0,0,0,0,0,0,0,0,0,0,1,0,0,0,0,0,234
"310205 Alto Caparaó",0,0,0,0,0,0,0,0,0,0,1,0,1,0,0,0,0,1,0,0,0,0,0,0,2,0,0,0,0,0,0,0,0,0,0,0,0,0,0,0,0,0,5
"315350 Alto Jequitibá",1,0,0,1,1,1,2,1,0,0,0,1,1,2,1,0,0,1,0,0,1,0,0,0,0,0,0,0,0,0,0,0,0,0,0,0,0,0,0,0,0,0,14
"310210 Alto Rio Doce",0,0,0,0,0,0,0,0,0,0,0,0,0,0,0,0,0,0,0,0,0,0,0,0,0,0,0,0,0,0,0,0,0,0,0,0,0,0,0,0,0,0,0
"310220 Alvarenga",1,0,0,0,0,0,1,0,0,0,0,0,0,1,1,0,0,0,0,0,0,0,0,0,0,0,0,0,0,0,0,0,0,0,0,0,0,1,0,0,1,0,6
"310230 Alvinópolis",0,6,17,21,23,23,38,53,67,67,63,36,20,11,10,6,9,6,9,7,6,6,8,4,3,0,1,1,0,1,0,0,0,0,0,0,0,0,0,0,0,0,522
"310240 Alvorada de Minas",0,0,0,0,0,0,0,0,0,0,1,1,0,0,0,0,0,0,0,0,0,0,0,0,0,0,0,0,0,0,1,0,1,0,0,0,1,1,0,0,0,0,6
"310250 Amparo do Serra",0,0,5,0,0,1,1,4,3,0,1,3,2,0,5,1,3,1,0,3,2,1,0,2,1,1,0,0,0,0,0,0,0,0,0,0,0,0,0,0,0,0,40
"310260 Andradas",0,0,7,5,5,11,10,14,16,31,32,50,89,77,87,73,65,32,50,25,21,13,10,5,0,1,0,5,0,0,0,1,0,1,0,0,0,1,0,0,1,1,739
"310280 Andrelândia",0,0,0,0,2,1,1,0,0,0,0,0,0,0,0,0,0,0,0,0,0,0,0,0,0,0,0,0,0,0,0,0,0,0,0,0,0,0,0,0,0,0,4
"310285 Angelândia",0,0,0,0,0,0,0,0,0,0,0,0,4,3,3,1,1,2,1,2,0,0,0,0,0,0,0,0,0,0,0,0,0,0,0,0,0,1,0,0,0,0,18
"310290 Antônio Carlos",1,0,1,3,2,1,0,1,0,0,0,2,0,2,2,1,3,3,1,1,2,0,0,0,0,0,2,0,0,1,0,0,0,0,0,0,1,0,0,1,0,0,31
"310300 Antônio Dias",0,0,0,0,0,0,0,0,0,0,0,0,0,0,0,0,0,0,0,0,0,0,0,1,0,0,0,0,0,0,1,1,2,0,0,0,2,0,0,0,1,0,8
"310310 Antônio Prado de Minas",0,0,0,0,0,0,2,1,2,0,0,0,0,0,0,0,0,0,0,1,0,0,0,0,0,0,0,0,0,0,0,0,0,0,0,0,0,0,0,0,0,0,6
"310320 Araçaí",0,0,0,0,0,0,0,0,0,1,0,0,0,0,0,0,0,0,0,0,0,0,0,0,0,0,0,0,0,0,0,0,0,0,0,0,0,0,0,0,0,0,1
"310330 Aracitaba",0,0,0,0,0,1,0,0,0,0,1,0,0,0,0,0,0,0,0,1,0,0,0,0,0,0,0,0,0,0,0,0,0,0,0,0,0,0,0,0,0,0,3
"310340 Araçuaí",1,2,0,0,2,2,1,0,0,1,0,1,0,1,1,0,0,0,0,0,0,0,1,0,0,0,0,0,0,0,0,0,0,0,1,0,1,1,2,0,2,0,20
"310350 Araguari",8,11,19,18,24,17,17,35,31,22,25,45,35,44,106,37,63,87,92,119,73,86,54,65,46,95,23,36,40,44,32,9,14,26,28,24,15,27,24,60,50,32,1758
"310360 Arantina",0,0,0,0,0,0,0,0,5,0,0,0,2,0,0,0,0,0,0,0,0,0,0,0,0,0,0,0,0,0,0,0,0,0,0,0,0,0,0,0,0,0,7
"310370 Araponga",0,0,0,0,0,0,0,0,0,0,0,0,0,0,0,0,0,0,0,0,0,0,0,0,0,1,0,0,0,0,0,0,0,0,0,0,0,0,0,0,0,0,1
"310375 Araporã",0,0,2,3,11,7,11,22,16,18,13,13,3,3,6,1,1,1,8,5,7,5,10,9,2,3,2,2,2,2,0,0,0,0,1,1,1,0,1,2,4,0,198
"310380 Arapuá",0,0,0,0,0,0,0,3,1,2,0,1,0,1,0,0,0,1,2,2,0,3,0,1,0,1,0,0,0,0,0,0,0,0,0,0,0,0,0,0,0,0,18
"310390 Araújos",0,0,0,0,0,0,0,0,1,1,1,0,0,0,0,0,0,0,1,0,0,0,0,0,0,0,0,0,0,0,0,0,0,0,0,0,0,0,2,1,2,0,9
"310400 Araxá",2,4,4,11,13,10,18,28,28,37,49,70,74,86,208,189,325,281,383,195,193,202,207,128,68,57,47,21,13,10,2,6,3,2,14,12,15,14,12,13,4,0,3058
"310410 Arceburgo",0,3,0,1,6,0,9,2,5,1,7,4,9,10,4,6,3,4,8,6,2,4,0,1,0,0,0,0,0,0,0,0,0,0,0,0,0,0,0,0,1,0,96
"310420 Arcos",0,3,6,4,9,8,8,7,6,7,30,27,24,13,20,8,9,14,12,10,9,10,17,13,3,22,10,2,2,7,2,9,4,6,6,0,1,1,0,2,6,6,363
"310430 Areado",0,2,7,0,10,15,9,13,16,16,16,24,30,11,11,4,4,1,1,1,2,0,0,0,0,0,0,0,0,0,0,0,0,0,0,0,0,0,0,1,1,0,195
"310440 Argirita",3,16,7,17,5,3,5,2,2,1,0,0,0,0,0,0,0,0,0,0,2,2,4,0,1,0,0,0,0,0,0,0,0,0,0,0,0,0,0,0,9,2,81
"310445 Aricanduva",0,0,1,0,0,0,0,0,0,0,0,0,0,0,0,0,0,0,0,0,0,0,0,0,0,0,0,0,0,0,0,0,0,0,0,0,0,0,0,0,0,0,1
"310450 Arinos",0,0,1,0,3,0,0,0,0,1,0,0,0,0,0,0,1,0,0,1,0,0,0,0,0,0,0,0,0,0,0,0,0,0,0,0,0,0,2,3,1,1,14
"310460 Astolfo Dutra",0,0,1,1,1,0,1,1,3,2,4,3,9,5,7,4,12,0,1,0,1,4,1,5,0,1,0,0,0,1,0,0,0,0,0,0,0,0,0,0,0,0,68
"310470 Ataléia",0,0,0,0,0,0,1,0,0,0,0,1,1,0,0,0,0,0,0,0,0,0,0,0,0,0,0,0,0,0,0,0,0,0,0,0,0,0,0,0,0,0,3
"310480 Augusto de Lima",0,1,0,2,0,0,1,0,0,0,1,0,0,0,0,0,0,0,0,0,0,0,0,0,0,0,0,0,0,0,0,0,0,0,0,0,0,0,0,0,0,0,5
"310490 Baependi",0,0,1,0,0,4,3,3,6,5,5,6,8,4,3,2,4,0,2,1,0,0,1,0,0,0,0,0,0,0,0,0,0,0,0,0,0,0,0,0,0,0,58
"310500 Baldim",0,0,0,1,1,1,2,3,1,0,1,2,0,4,3,0,0,1,0,0,0,0,0,0,0,0,0,0,0,0,0,0,0,0,0,0,0,0,0,0,0,0,20
"310510 Bambuí",0,0,1,1,0,0,1,1,2,2,0,0,0,1,2,0,1,0,2,0,0,3,1,0,0,0,0,0,0,0,0,0,0,0,0,0,0,0,1,0,0,0,19
"310520 Bandeira",0,0,0,0,0,0,0,0,0,0,0,0,0,1,0,0,0,0,0,0,0,0,0,0,0,0,0,0,0,0,0,0,0,0,0,0,0,0,0,0,0,0,1
"310530 Bandeira do Sul",1,2,0,0,0,0,1,0,0,0,0,0,0,1,0,0,0,0,0,3,1,0,0,0,0,0,0,0,0,0,0,0,0,0,0,0,1,0,1,0,0,0,11
"310540 Barão de Cocais",0,4,16,27,5,2,4,4,1,2,2,2,1,5,4,1,6,1,1,10,0,0,0,0,2,1,0,0,0,0,0,0,0,0,0,0,2,1,2,0,0,0,106
"310550 Barão de Monte Alto",1,5,0,1,1,0,1,1,0,0,0,1,1,0,0,1,5,2,1,0,0,2,2,1,0,0,0,0,0,0,0,0,0,0,0,0,0,0,0,0,0,0,26
"310560 Barbacena",1,5,14,1,10,8,24,11,22,16,20,18,28,25,35,46,39,41,50,56,47,19,10,2,10,13,6,5,3,3,1,2,2,1,1,4,1,4,9,6,4,1,624
"310570 Barra Longa",0,0,3,1,3,5,1,3,7,2,6,9,16,10,4,5,2,4,2,7,0,0,0,2,1,0,0,1,0,0,0,0,0,0,0,0,0,0,0,0,0,0,94
"310590 Barroso",3,0,0,0,2,1,3,0,0,0,1,0,0,0,1,0,0,0,2,1,1,0,1,0,0,1,0,0,0,1,1,0,2,0,1,0,0,0,0,1,5,2,30
"310600 Bela Vista de Minas",0,0,1,0,0,0,1,0,1,0,0,0,0,0,0,0,1,0,0,0,0,0,0,0,0,0,0,0,0,0,0,0,0,0,0,0,0,0,0,0,0,0,4
"310610 Belmiro Braga",0,0,2,0,1,0,0,0,0,0,0,1,1,1,0,0,0,0,0,0,1,0,0,0,0,0,1,0,0,0,0,0,0,0,0,0,0,0,0,0,0,0,8
"310620 Belo Horizonte",57,128,123,160,156,189,167,181,147,101,140,154,163,132,149,106,122,138,109,102,72,68,39,58,31,29,47,49,36,44,62,43,52,70,78,70,79,136,172,157,108,43,4267
"310630 Belo Oriente",0,0,0,4,2,2,2,4,0,4,1,4,0,4,1,0,3,0,0,0,1,0,2,0,0,1,0,0,2,0,1,0,1,0,2,0,1,0,3,2,1,3,51
"310640 Belo Vale",0,0,2,1,0,1,1,3,0,1,5,1,0,0,0,0,0,0,3,0,0,0,0,0,0,0,0,0,0,0,0,0,0,0,0,0,0,0,1,0,0,1,20
"310650 Berilo",0,0,0,0,2,1,0,2,1,2,0,0,0,0,1,0,0,3,0,0,0,0,1,0,0,0,0,0,0,0,0,0,0,0,0,0,0,0,0,0,0,0,13
"310665 Berizal",0,0,0,0,1,0,0,0,1,1,0,0,1,0,0,0,0,0,0,0,0,0,0,0,0,0,0,0,0,0,0,0,0,0,0,0,2,0,0,0,0,0,6
"310660 Bertópolis",0,0,0,0,0,0,0,0,0,0,0,0,0,0,0,0,0,0,0,0,0,0,0,0,0,0,0,0,0,0,0,0,0,0,0,0,0,0,0,0,0,0,0
"310670 Betim",11,5,10,16,14,17,20,30,24,32,20,12,23,21,13,14,11,9,9,9,5,3,4,2,4,7,1,2,2,3,1,2,5,0,9,14,27,21,32,24,56,25,569
"310680 Bias Fortes",0,0,0,0,0,0,0,0,0,0,0,0,0,0,0,0,0,0,0,0,0,0,0,0,0,0,0,0,0,0,0,0,0,0,0,0,0,0,0,0,0,0,0
"310690 Bicas",0,0,0,0,0,0,2,0,0,1,0,0,3,4,1,0,0,0,5,0,3,4,1,0,0,0,0,1,0,0,0,0,0,0,0,0,0,0,0,0,0,0,25
"310700 Biquinhas",0,0,0,0,0,0,0,0,0,0,0,1,3,1,0,0,0,1,0,0,0,0,0,0,0,0,0,0,0,0,0,0,0,0,0,0,0,0,0,0,0,0,6
"310710 Boa Esperança",0,0,0,0,0,0,2,1,0,1,3,1,0,0,2,1,0,1,1,0,2,0,0,0,0,0,0,1,0,0,0,0,0,0,0,0,0,0,0,0,0,0,16
"310720 Bocaina de Minas",0,0,0,0,0,0,0,0,0,0,0,0,0,0,0,0,0,0,0,0,0,0,0,0,0,0,0,0,0,0,0,0,0,0,0,0,0,0,0,0,0,0,0
"310730 Bocaiúva",4,4,5,15,12,21,13,21,1,0,10,4,11,5,9,4,9,7,8,9,11,14,7,3,7,2,1,0,1,1,4,2,1,1,2,0,1,0,1,3,2,1,237
"310740 Bom Despacho",5,5,8,5,7,11,19,30,25,12,37,39,56,25,30,20,29,31,35,26,7,11,15,9,2,8,2,0,2,0,0,0,1,0,0,0,0,1,0,0,6,3,522
"310750 Bom Jardim de Minas",0,0,0,0,0,2,1,1,1,0,0,4,2,1,2,0,0,1,0,0,0,0,0,0,0,0,0,0,0,0,0,0,0,0,0,0,0,0,0,1,2,0,18
"310760 Bom Jesus da Penha",0,1,0,0,0,0,1,7,1,0,0,0,1,1,0,0,0,0,0,0,0,0,0,0,1,1,0,0,0,0,0,0,0,0,0,0,0,0,0,0,0,0,14
"310770 Bom Jesus do Amparo",0,0,1,1,0,0,0,1,0,1,1,1,4,0,1,0,0,0,0,0,0,0,0,0,0,0,0,0,0,0,0,0,0,0,0,0,0,0,0,0,0,0,11
"310780 Bom Jesus do Galho",0,0,0,0,0,2,0,0,0,1,2,4,0,1,1,0,0,1,2,1,0,0,2,0,0,1,0,0,0,0,0,0,0,0,0,0,0,0,0,0,0,0,18
"310790 Bom Repouso",0,0,0,0,0,0,0,0,0,0,0,0,0,0,0,0,0,0,1,0,0,0,0,0,0,0,0,0,0,0,0,0,0,0,0,0,0,0,0,1,0,0,2
"310800 Bom Sucesso",0,0,0,2,0,1,0,3,1,3,2,1,1,0,1,0,0,0,0,0,0,0,0,0,0,0,0,0,0,0,0,0,0,0,0,0,0,0,0,0,0,0,15
"310810 Bonfim",0,0,0,0,0,1,1,0,1,0,0,0,0,0,0,0,0,0,0,0,0,0,0,0,0,0,0,0,0,0,0,0,0,1,0,0,0,1,0,0,0,0,5
"310820 Bonfinópolis de Minas",0,0,0,0,0,0,0,0,0,0,0,0,0,0,0,0,0,0,0,0,0,0,0,0,0,0,0,0,0,0,0,0,0,0,0,0,0,0,0,0,0,0,0
"310825 Bonito de Minas",2,7,9,6,12,13,3,4,9,3,6,0,1,0,0,0,0,0,0,0,0,1,0,0,0,0,0,0,0,0,0,0,0,0,0,1,0,0,0,0,0,0,77
"310830 Borda da Mata",0,0,0,0,0,3,4,0,4,2,2,2,2,2,6,2,3,0,0,0,1,1,0,0,0,0,0,0,0,0,0,1,0,0,0,0,0,0,0,1,0,1,37
"310840 Botelhos",0,0,0,0,1,1,2,2,0,0,2,1,4,2,2,1,5,1,3,2,0,0,0,1,1,0,0,0,0,0,0,0,0,0,0,0,0,0,0,0,0,0,31
"310850 Botumirim",1,0,1,3,3,8,0,4,5,3,7,9,1,0,0,1,1,1,0,0,0,0,0,0,0,0,0,0,0,0,0,0,0,0,0,0,0,0,0,0,0,0,48
"310870 Brás Pires",0,0,0,0,0,0,0,0,0,0,0,0,0,0,0,0,0,0,1,1,0,0,0,0,0,0,0,0,0,0,0,0,0,0,0,0,0,0,0,0,0,0,2
"310855 Brasilândia de Minas",0,0,0,0,0,0,0,2,0,0,0,0,0,0,0,0,0,0,1,0,0,0,0,1,1,0,0,2,0,0,0,1,0,0,0,0,0,0,0,0,0,0,8
"310860 Brasília de Minas",2,8,6,7,10,13,7,9,16,8,9,14,8,11,17,8,9,10,7,13,7,5,12,6,3,2,0,2,0,2,0,1,1,1,2,1,1,0,0,0,0,0,238
"310890 Brasópolis",0,0,4,3,2,2,18,12,15,24,30,33,48,43,33,31,27,16,19,13,14,10,2,1,1,0,2,0,0,0,0,0,0,0,0,0,1,0,0,0,1,0,405
"310880 Braúnas",0,0,0,0,0,0,0,0,2,0,0,0,1,0,0,0,0,1,1,0,0,2,0,0,0,0,0,0,0,0,0,0,0,0,0,0,0,0,0,0,0,0,7
"310900 Brumadinho",7,7,8,5,12,11,9,8,14,27,16,8,15,14,13,16,14,14,15,15,9,15,15,7,5,3,4,3,2,0,0,5,4,3,4,3,4,6,10,9,5,4,368
"310910 Bueno Brandão",0,1,0,2,0,1,1,0,0,0,1,1,4,2,1,3,1,0,1,1,1,0,0,0,0,0,0,0,0,1,0,0,0,0,0,0,0,1,0,0,0,0,23
"310920 Buenópolis",0,0,0,0,0,0,1,0,0,2,3,0,0,0,0,0,0,0,0,0,0,0,0,0,0,0,0,0,0,0,0,0,0,0,0,0,0,0,0,0,0,0,6
"310925 Bugre",0,6,2,2,0,1,0,0,1,0,0,0,0,0,1,0,0,0,0,0,0,0,0,0,0,0,0,0,0,0,0,0,0,0,0,0,0,0,0,0,0,0,13
"310930 Buritis",0,0,0,1,1,0,3,3,0,0,1,0,0,1,0,0,1,1,0,0,0,0,0,0,0,0,0,0,0,0,0,0,0,0,0,0,0,0,0,0,0,0,12
"310940 Buritizeiro",1,1,1,0,2,5,0,1,2,2,1,3,1,1,1,1,0,2,0,1,0,1,0,0,0,0,0,0,0,0,0,0,0,0,0,1,0,0,0,1,0,0,29
"310945 Cabeceira Grande",0,0,0,0,0,0,1,1,0,0,0,1,0,0,1,0,0,0,0,0,0,0,0,0,0,1,0,0,0,0,0,0,0,0,0,0,0,0,0,0,0,0,5
"310950 Cabo Verde",0,0,0,0,2,0,0,0,0,1,1,0,4,5,0,0,0,1,0,0,1,0,0,0,0,0,0,0,0,0,0,0,1,0,0,0,0,0,0,0,0,0,16
"310960 Cachoeira da Prata",0,0,0,0,1,1,0,0,0,0,0,0,0,1,0,0,0,0,0,0,0,0,0,0,0,1,0,0,0,0,0,0,0,0,0,0,0,0,0,0,0,0,4
"310970 Cachoeira de Minas",0,2,2,0,5,3,5,2,6,3,3,2,7,9,4,9,3,5,2,4,0,4,1,2,1,0,0,1,1,1,0,0,0,0,1,0,0,0,2,0,0,0,90
"310270 Cachoeira de Pajeú",0,0,0,1,4,4,2,2,3,1,3,1,1,1,1,0,0,0,0,0,0,0,0,0,0,0,0,0,0,0,0,0,0,0,0,0,0,0,0,0,0,0,24
"310980 Cachoeira Dourada",0,0,1,0,0,1,0,3,0,2,1,0,0,4,1,1,1,0,2,2,2,1,3,0,1,0,0,0,0,0,0,0,0,0,0,0,0,1,0,0,0,0,27
"310990 Caetanópolis",0,0,0,0,0,0,0,1,2,0,5,1,1,12,2,1,2,2,8,4,11,1,2,2,3,4,1,1,0,0,0,0,0,0,1,0,0,1,2,1,2,0,73
"311000 Caeté",1,4,2,1,3,5,5,9,5,1,5,6,9,4,17,7,1,5,12,5,6,5,1,0,3,1,1,0,0,0,1,0,1,3,0,3,4,2,3,10,4,0,155
"311010 Caiana",0,0,0,0,0,0,0,0,0,0,0,0,0,0,0,0,1,0,0,0,2,0,0,0,0,0,0,0,0,0,0,0,0,0,0,0,0,0,0,0,0,0,3
"311020 Cajuri",0,0,0,0,0,0,1,1,0,0,0,0,0,0,0,0,0,1,0,0,0,0,0,0,0,0,0,0,0,0,0,0,0,0,0,0,0,0,0,0,0,0,3
"311030 Caldas",0,0,0,0,0,0,1,1,1,3,0,0,0,0,0,0,0,0,3,1,0,0,1,1,0,0,0,0,0,0,0,2,0,0,1,0,0,0,0,0,0,0,15
"311040 Camacho",0,0,0,0,0,0,0,0,0,0,0,0,0,0,0,0,0,0,0,0,0,0,0,0,0,1,0,0,0,0,0,0,0,0,0,0,0,0,0,0,0,0,1
"311050 Camanducaia",0,1,0,0,0,1,1,0,0,0,2,0,0,1,0,1,0,0,0,0,0,0,0,0,0,0,0,0,0,0,0,0,0,1,0,0,0,0,0,0,0,0,8
"311060 Cambuí",0,0,1,0,0,3,0,2,2,1,2,0,6,3,1,1,1,1,3,3,1,1,1,0,0,0,0,0,0,1,1,1,0,0,0,0,0,0,0,5,2,1,44
"311070 Cambuquira",0,0,0,0,0,0,0,0,0,0,0,0,0,0,2,0,0,0,1,1,0,0,0,0,0,0,0,0,0,0,0,0,0,0,0,0,0,0,0,0,0,0,4
"311080 Campanário",0,0,0,0,0,0,0,0,0,0,0,0,0,0,0,0,0,0,0,0,0,0,0,0,0,0,0,0,0,0,0,0,0,0,0,0,0,0,0,0,0,0,0
"311090 Campanha",0,0,0,0,0,1,0,1,0,0,0,0,0,0,0,0,0,0,0,0,0,0,0,0,1,0,0,0,0,0,0,0,0,0,0,0,0,0,0,0,0,0,3
"311100 Campestre",0,0,0,0,0,0,0,1,1,5,9,7,7,8,2,1,3,0,2,1,0,0,0,0,0,0,0,0,0,0,0,0,0,0,0,0,0,0,0,0,0,0,47
"311110 Campina Verde",0,20,19,34,35,42,36,42,24,14,35,35,27,16,12,12,13,3,9,3,4,3,4,0,0,3,4,1,1,1,0,0,0,0,0,0,0,0,0,0,0,0,452
"311115 Campo Azul",4,0,1,0,0,1,3,0,0,0,1,0,1,0,0,0,0,0,2,0,0,0,0,0,0,0,0,1,2,2,0,0,0,0,0,0,0,0,0,1,0,0,19
"311120 Campo Belo",0,0,0,0,0,5,3,4,15,18,35,30,19,7,7,11,8,3,10,6,2,2,5,1,0,5,0,1,1,1,1,2,0,0,0,0,0,1,0,0,1,0,204
"311130 Campo do Meio",0,0,0,0,0,0,0,0,0,0,0,0,2,0,0,0,0,0,0,0,0,0,0,0,0,0,0,0,0,0,0,0,0,0,0,0,0,0,0,0,0,0,2
"311140 Campo Florido",0,0,1,0,1,0,1,4,1,9,11,14,12,15,12,10,16,15,20,23,10,22,22,22,10,11,2,1,1,4,0,1,1,1,1,0,1,0,0,1,3,0,279
"311150 Campos Altos",0,1,0,0,0,0,0,3,1,0,0,2,0,1,0,2,0,4,3,3,2,2,8,3,3,6,5,0,5,2,0,3,3,1,0,0,0,0,0,1,3,0,67
"311160 Campos Gerais",0,1,0,1,1,0,0,0,0,1,0,0,0,0,0,0,0,0,0,0,0,0,0,0,0,0,0,0,0,0,0,0,0,0,0,0,0,0,0,0,0,0,4
"311190 Cana Verde",0,1,0,0,1,0,0,0,5,6,3,9,4,1,8,1,0,1,0,0,0,0,0,0,0,0,0,0,0,0,0,0,0,0,0,0,0,0,0,0,0,0,40
"311170 Canaã",0,0,0,1,0,0,0,0,0,0,0,0,0,0,0,0,0,0,0,0,2,0,0,0,0,0,0,0,0,0,0,0,0,0,0,0,0,0,0,0,0,0,3
"311180 Canápolis",0,1,8,13,2,9,11,10,14,21,17,11,16,13,11,9,7,11,22,10,7,4,1,2,5,10,1,1,1,4,3,2,4,0,1,2,4,0,0,0,0,0,268
"311200 Candeias",0,0,2,0,0,1,0,1,0,0,1,0,0,0,1,0,1,0,0,0,1,0,0,0,0,0,0,0,0,0,0,0,0,0,0,0,0,0,0,1,0,0,9
"311205 Cantagalo",0,0,0,0,0,0,0,0,0,0,0,1,0,4,5,2,0,0,0,0,0,0,0,0,0,0,0,0,0,0,0,0,0,0,0,0,0,0,0,0,0,0,12
"311210 Caparaó",0,0,2,0,0,0,0,0,0,0,0,0,0,0,0,0,0,0,1,1,1,0,0,0,0,0,0,0,0,0,0,0,0,0,0,0,0,0,0,0,0,0,5
"311220 Capela Nova",0,0,0,0,0,0,0,0,0,0,0,0,0,0,0,0,0,0,0,0,0,0,0,0,0,0,0,0,0,0,0,0,0,0,0,0,0,0,0,0,0,0,0
"311230 Capelinha",5,6,6,39,36,27,17,24,27,18,7,17,17,9,17,12,12,6,7,3,1,4,6,11,4,9,6,4,0,2,1,2,3,6,0,2,0,3,0,1,5,7,389
"311240 Capetinga",0,0,0,0,0,0,0,1,1,1,0,0,0,0,0,4,0,2,5,2,0,1,0,0,0,0,0,0,0,0,0,0,1,0,0,0,1,0,0,0,0,0,19
"311250 Capim Branco",0,1,0,1,2,5,2,3,4,0,1,0,1,2,1,0,1,3,3,2,2,0,1,1,0,0,0,0,1,1,0,0,0,0,1,0,1,2,0,1,1,1,45
"311260 Capinópolis",2,3,11,6,18,20,26,34,28,40,40,48,75,58,73,47,63,41,70,47,37,31,22,28,10,9,12,6,5,0,1,0,0,2,1,1,3,0,0,0,1,4,923
"311265 Capitão Andrade",0,0,0,0,0,1,0,0,0,0,0,0,0,0,0,0,0,0,0,0,0,0,0,0,0,0,0,0,0,0,0,0,0,0,0,0,0,0,0,1,0,0,2
"311270 Capitão Enéas",0,1,0,1,0,1,1,0,0,0,0,0,0,0,0,0,1,0,0,0,0,0,0,0,0,0,0,0,0,0,1,0,1,1,1,3,7,11,16,9,19,11,85
"311280 Capitólio",3,0,0,1,0,1,4,1,0,0,1,3,2,0,1,0,1,1,1,2,0,2,0,0,0,0,0,0,0,0,1,0,0,0,0,0,2,1,0,1,0,0,29
"311290 Caputira",0,0,0,0,0,0,0,0,0,0,0,0,0,0,0,0,0,0,0,0,0,0,0,0,0,0,0,0,0,0,0,0,0,0,0,0,0,0,0,0,0,0,0
"311300 Caraí",0,2,4,4,5,0,3,2,1,3,1,4,3,1,0,0,0,0,0,0,0,0,0,2,0,0,0,0,0,0,0,0,0,0,0,0,0,0,0,0,1,0,36
"311310 Caranaíba",0,1,0,0,0,1,0,0,0,0,0,0,1,0,0,0,1,0,0,0,0,0,0,0,0,0,0,0,0,0,0,0,0,0,0,0,0,0,0,0,0,0,4
"311320 Carandaí",1,1,5,2,7,5,6,7,3,1,7,7,10,5,3,1,3,0,5,12,3,0,1,2,0,0,2,1,2,0,2,0,0,1,0,0,1,4,0,0,1,3,114
"311330 Carangola",0,0,0,0,0,2,0,0,0,0,0,4,5,1,1,0,1,3,4,3,1,0,2,0,0,0,3,0,0,0,1,1,0,0,0,0,1,1,2,1,1,0,38
"311340 Caratinga",1,1,2,0,1,1,2,4,3,0,11,3,0,2,2,0,0,1,0,1,2,2,0,0,0,0,0,0,2,0,0,0,2,0,1,0,0,0,0,0,1,0,45
"311350 Carbonita",0,0,1,8,7,13,15,9,6,6,4,11,27,24,28,14,12,6,12,5,9,0,4,1,0,0,3,0,4,2,0,0,0,0,0,1,0,3,2,2,1,0,240
"311360 Careaçu",0,1,1,0,0,1,1,1,2,0,0,1,0,3,0,0,0,2,0,0,0,0,0,0,0,0,0,0,0,0,0,0,0,0,0,0,0,0,0,0,0,0,13
"311370 Carlos Chagas",0,0,1,0,0,0,1,1,0,0,0,0,0,0,0,0,1,0,0,0,0,0,0,0,0,0,0,0,0,0,0,0,0,0,0,0,0,0,1,0,0,0,5
"311380 Carmésia",0,0,0,0,1,0,0,2,1,0,1,0,1,0,0,0,1,0,1,0,0,0,1,2,0,0,0,1,0,1,0,0,1,0,0,0,0,0,0,0,0,0,14
"311390 Carmo da Cachoeira",0,1,5,7,0,8,1,5,6,2,4,6,2,1,0,0,0,1,0,0,0,0,0,0,0,0,0,0,0,0,0,0,0,0,0,0,0,0,0,0,0,0,49
"311400 Carmo da Mata",0,1,0,3,2,2,8,11,36,8,37,36,50,63,44,27,47,37,44,34,5,10,1,0,1,3,0,0,0,0,0,0,0,0,0,0,2,1,0,0,0,0,513
"311410 Carmo de Minas",0,1,2,1,0,2,1,0,1,0,1,0,1,1,0,1,0,1,3,1,0,1,1,0,0,0,0,0,0,0,0,0,0,0,0,0,0,0,0,0,0,0,19
"311420 Carmo do Cajuru",2,8,15,14,12,12,1,5,3,0,0,3,1,0,1,0,0,0,0,1,0,0,1,3,1,0,0,0,0,1,0,0,0,0,0,0,1,1,1,1,0,0,88
"311430 Carmo do Paranaíba",7,12,13,18,30,28,7,16,61,45,50,24,37,38,22,33,17,15,9,16,15,12,8,14,2,5,0,1,0,0,0,0,0,0,0,0,1,0,0,1,0,0,557
"311440 Carmo do Rio Claro",2,0,0,5,0,0,3,1,2,3,2,3,3,0,4,10,6,6,6,12,9,4,3,2,1,2,0,1,1,0,0,0,0,0,0,0,0,0,0,0,0,0,91
"311450 Carmópolis de Minas",0,0,0,1,0,1,1,3,2,2,1,3,1,0,0,0,0,1,0,1,0,0,0,0,0,0,0,0,0,0,0,0,0,0,0,0,1,0,0,0,3,0,21
"311455 Carneirinho",2,25,30,41,56,74,50,73,94,93,78,69,45,51,20,15,24,13,12,13,10,7,2,5,0,2,2,3,3,1,0,0,0,0,0,1,0,0,1,0,0,0,915
"311460 Carrancas",0,0,0,0,0,0,0,0,0,0,0,0,0,1,0,0,0,0,0,0,0,0,0,0,0,0,0,0,0,0,0,0,0,0,0,0,0,0,0,0,0,0,1
"311470 Carvalhópolis",0,0,0,0,0,0,0,0,0,0,0,0,0,0,0,0,0,0,1,0,0,0,0,0,0,0,0,0,0,0,0,0,0,0,0,0,0,0,0,0,0,0,1
"311480 Carvalhos",0,0,0,0,0,0,0,0,0,0,1,0,0,0,0,0,0,0,0,0,0,0,0,0,0,0,0,0,0,0,0,0,0,0,0,0,0,0,0,0,0,0,1
"311490 Casa Grande",0,0,0,0,0,0,0,0,0,0,0,0,0,0,0,0,0,0,0,0,0,0,0,0,0,0,0,0,0,0,0,0,0,0,0,0,0,0,0,0,0,0,0
"311500 Cascalho Rico",0,0,0,0,0,0,0,0,4,0,1,3,3,1,3,4,7,12,3,7,5,0,0,1,0,0,2,0,0,0,0,0,1,0,0,0,0,0,0,0,0,0,57
"311510 Cássia",0,4,2,0,0,5,1,1,0,1,0,2,7,5,5,7,5,3,5,1,4,2,0,0,0,0,0,1,0,0,1,1,0,0,0,0,0,1,0,3,0,1,68
"311530 Cataguases",0,2,0,2,2,6,11,32,26,12,56,136,167,148,201,97,129,72,59,31,10,19,7,2,0,1,0,0,0,0,0,0,0,0,1,0,2,1,0,0,0,0,1232
"311535 Catas Altas",0,1,0,1,0,0,0,1,0,0,0,0,0,0,0,0,0,0,0,0,0,0,0,0,0,0,0,0,0,0,0,0,0,0,0,0,0,0,0,0,0,0,3
"311540 Catas Altas da Noruega",0,0,0,0,0,1,0,0,0,0,0,0,0,0,0,0,0,0,0,0,0,0,0,0,0,0,0,0,0,0,0,0,0,0,0,0,0,0,0,0,0,0,1
"311545 Catuji",0,1,0,0,1,0,0,0,0,0,0,0,0,0,0,1,0,0,0,0,0,0,0,0,0,0,0,0,0,0,0,0,0,0,0,0,0,0,0,0,0,0,3
"311547 Catuti",0,0,0,3,4,13,5,12,14,12,13,10,13,7,4,7,5,8,7,0,8,0,3,1,1,0,2,0,1,0,0,1,0,0,1,0,1,2,2,0,0,0,160
"311550 Caxambu",0,0,0,0,0,0,0,0,0,2,1,1,0,1,0,0,2,1,2,3,0,1,0,1,0,0,0,0,0,1,0,0,0,0,0,0,1,0,0,0,1,1,19
"311560 Cedro do Abaeté",0,0,0,0,0,0,0,0,0,1,0,0,0,1,2,0,1,0,0,0,0,0,0,0,0,0,0,0,0,0,0,0,0,0,0,0,0,0,0,0,0,0,5
"311570 Central de Minas",0,0,0,0,0,0,0,0,0,0,0,0,0,0,0,0,0,0,0,0,0,0,0,0,0,0,0,0,0,0,0,0,0,0,0,0,0,0,0,0,0,0,0
"311580 Centralina",0,1,7,3,2,7,1,1,3,1,4,1,2,2,2,1,2,2,0,0,3,1,2,0,0,0,0,0,1,0,0,0,0,0,0,0,0,0,0,0,0,0,49
"311590 Chácara",0,0,0,0,0,0,0,0,0,0,0,2,2,4,5,1,4,3,1,0,0,0,0,1,0,0,0,0,0,0,0,0,0,0,0,0,0,0,0,0,0,0,23
"311600 Chalé",0,1,0,0,0,0,0,0,0,0,0,0,1,1,0,1,1,1,0,1,0,0,0,0,0,0,0,0,0,0,0,0,0,0,0,0,0,0,0,0,0,0,7
"311610 Chapada do Norte",0,0,0,0,1,2,1,0,0,2,0,2,0,0,0,2,0,0,0,0,0,0,0,0,0,1,0,0,0,0,0,0,0,0,0,0,0,1,1,0,0,0,13
"311615 Chapada Gaúcha",2,0,2,3,4,2,2,5,1,1,5,0,0,0,0,1,0,1,0,0,0,0,0,1,0,0,0,0,0,0,0,0,0,0,0,0,0,0,0,0,0,0,30
"311620 Chiador",0,0,0,0,0,0,1,0,0,0,0,0,0,0,0,0,0,0,0,0,0,0,0,0,0,0,0,0,0,0,0,0,0,0,0,0,0,0,0,0,0,0,1
"311630 Cipotânea",0,0,0,0,0,0,0,0,0,0,0,0,0,0,0,0,0,0,0,0,0,0,0,0,0,0,0,0,0,0,0,0,0,0,0,0,0,0,0,0,0,0,0
"311640 Claraval",0,2,1,0,0,1,4,5,4,0,2,0,2,0,1,0,3,1,0,4,0,3,0,0,0,0,0,0,0,0,0,0,0,0,1,0,0,0,0,2,0,0,36
"311650 Claro dos Poções",4,0,2,0,3,0,0,1,0,0,1,0,0,1,5,1,1,0,0,2,1,0,0,6,0,1,0,1,1,0,1,1,0,0,0,0,0,0,0,0,0,0,33
"311660 Cláudio",0,0,0,1,3,0,5,5,4,3,14,15,1,4,2,3,7,5,4,0,2,0,0,0,0,0,1,0,0,0,0,1,0,1,1,1,0,1,1,3,8,0,96
"311670 Coimbra",0,0,0,4,3,5,3,2,5,0,7,9,10,14,15,5,3,2,5,9,5,1,4,0,2,0,0,0,0,0,0,0,0,0,0,0,0,0,0,0,2,0,115
"311680 Coluna",0,1,1,2,6,4,0,0,1,0,0,0,0,0,4,0,0,0,0,0,0,0,0,0,0,0,0,0,0,0,0,0,0,0,0,0,0,0,1,0,0,0,20
"311690 Comendador Gomes",0,4,6,17,9,19,10,30,11,10,10,9,0,0,0,0,0,0,0,0,0,0,0,0,0,0,0,0,0,0,0,0,0,0,0,0,0,0,0,0,0,0,135
"311700 Comercinho",0,0,4,0,2,0,0,1,0,0,0,0,1,0,0,0,0,0,0,0,0,0,1,0,0,0,0,0,0,0,0,0,1,0,0,0,0,0,0,0,0,0,10
"311710 Conceição da Aparecida",2,1,6,3,5,0,4,3,3,18,8,15,19,25,23,32,13,2,10,4,0,3,2,3,6,3,0,2,0,0,0,0,0,0,0,0,0,0,0,0,0,0,215
"311520 Conceição da Barra de Minas",0,0,0,0,0,0,0,0,0,1,0,0,0,0,0,0,0,0,1,0,0,0,0,0,0,0,0,0,0,0,0,0,0,0,0,0,0,0,0,0,0,1,3
"311730 Conceição das Alagoas",1,1,4,2,3,5,4,8,10,13,14,22,33,22,31,29,20,27,19,30,19,33,27,25,14,12,6,13,5,2,1,1,1,0,0,2,1,0,3,4,5,0,472
"311720 Conceição das Pedras",0,0,0,0,0,0,0,0,0,0,0,0,0,0,0,0,0,0,0,0,0,0,0,0,0,0,0,0,0,0,0,0,0,0,0,0,0,0,0,0,0,0,0
"311740 Conceição de Ipanema",0,0,0,2,0,0,0,0,0,0,0,0,0,0,0,0,0,0,0,0,0,0,0,0,0,0,0,0,0,0,0,0,0,0,0,0,0,0,0,0,0,0,2
"311750 Conceição do Mato Dentro",0,0,0,0,0,1,0,4,0,2,0,0,4,1,2,0,1,0,0,0,0,0,0,0,0,0,0,0,0,2,1,0,0,0,0,0,0,0,0,0,0,0,18
"311760 Conceição do Pará",0,0,0,0,0,0,0,0,0,0,1,0,1,0,0,0,4,0,0,0,0,0,0,0,0,2,0,1,0,1,0,0,0,0,0,0,0,0,0,0,0,0,10
"311770 Conceição do Rio Verde",0,0,0,0,0,0,0,0,0,0,2,0,0,0,0,0,0,2,0,0,0,0,0,0,1,0,0,0,0,0,0,0,0,0,0,0,0,0,0,0,0,0,5
"311780 Conceição dos Ouros",0,0,1,0,0,0,0,0,1,0,1,1,0,3,0,0,0,0,0,0,0,0,0,0,0,0,0,0,0,0,0,0,0,0,0,0,0,0,1,0,0,0,8
"311783 Cônego Marinho",1,2,1,0,0,1,0,1,0,0,0,0,0,0,0,0,0,0,0,0,0,0,0,0,0,0,0,0,0,0,0,0,0,0,0,0,0,0,1,0,0,0,7
"311787 Confins",0,0,0,0,3,0,0,1,1,1,2,4,2,2,3,3,2,2,3,3,2,0,0,1,0,0,0,0,0,0,0,1,0,0,2,1,2,0,0,0,0,0,41
"311790 Congonhal",0,0,0,0,1,0,0,0,0,0,0,0,0,0,0,0,0,0,0,0,0,0,0,0,0,0,0,0,0,0,0,0,0,0,0,0,0,0,0,0,0,0,1
"311800 Congonhas",4,7,5,5,6,3,3,2,6,1,11,4,4,2,8,2,6,2,2,3,2,1,5,0,2,2,2,0,2,1,0,3,1,1,2,11,10,10,5,3,18,11,178
"311810 Congonhas do Norte",0,0,1,0,0,0,0,0,0,0,0,0,0,0,0,0,0,0,0,0,0,0,0,0,0,0,0,0,0,0,0,0,0,0,0,0,0,0,0,0,0,0,1
"311820 Conquista",1,9,19,27,13,29,26,18,18,0,11,12,12,11,10,7,4,2,11,3,7,4,3,2,0,0,0,2,1,0,0,6,0,4,1,5,3,0,0,0,0,0,281
"311830 Conselheiro Lafaiete",9,15,36,29,26,16,19,10,11,8,12,13,15,15,5,10,12,14,7,15,5,4,0,0,0,1,1,1,0,0,1,0,1,1,3,0,3,1,4,2,0,1,326
"311840 Conselheiro Pena",0,0,5,3,6,1,2,2,1,2,9,2,4,5,5,1,3,2,1,3,1,0,0,1,0,0,0,1,0,0,1,1,0,0,1,0,0,1,0,1,0,0,65
"311850 Consolação",0,0,0,0,0,0,0,0,0,0,0,0,0,0,0,0,0,0,0,0,0,0,0,0,0,0,0,0,0,0,0,0,0,0,0,0,0,0,0,0,0,0,0
"311860 Contagem",13,9,21,23,24,22,27,42,36,21,48,49,48,56,40,39,40,47,31,33,28,21,19,8,8,13,39,31,27,33,40,36,43,30,32,51,51,70,58,51,45,45,1448
"311870 Coqueiral",0,0,0,0,0,0,1,1,1,0,0,1,2,0,0,0,0,0,0,0,0,0,0,0,0,0,0,0,0,0,0,0,0,0,0,0,0,0,0,0,0,0,6
"311880 Coração de Jesus",0,5,1,3,3,6,2,0,1,0,1,0,0,0,0,0,0,0,0,0,1,0,0,0,0,0,0,0,0,0,0,0,0,0,0,0,0,1,1,0,0,0,25
"311890 Cordisburgo",0,0,2,0,2,1,1,0,0,1,0,2,0,1,2,0,0,1,0,0,0,0,0,0,0,0,0,0,0,0,0,0,0,0,0,0,0,0,0,0,0,0,13
"311900 Cordislândia",0,0,0,0,0,0,0,0,0,0,0,0,0,0,0,0,0,0,0,0,0,0,0,0,0,0,0,0,0,0,0,0,0,0,0,0,0,0,0,0,0,0,0
"311910 Corinto",2,1,8,6,12,7,4,4,0,0,1,3,0,0,0,0,0,1,0,0,0,0,1,0,0,0,0,0,0,0,0,0,0,0,0,0,0,0,0,0,0,0,50
"311920 Coroaci",0,1,2,2,1,2,2,4,7,3,12,4,5,14,8,23,18,17,25,17,10,6,4,2,2,0,0,0,0,0,0,0,0,0,0,0,0,0,1,2,3,2,199
"311930 Coromandel",8,14,13,30,14,12,15,25,13,11,20,20,14,16,21,11,10,18,10,13,12,2,13,9,6,3,6,1,1,5,0,4,0,1,3,5,1,5,1,0,0,0,386
"311940 Coronel Fabriciano",8,30,21,17,10,20,39,39,22,14,18,32,19,24,20,31,17,25,23,26,24,20,13,19,20,20,5,9,6,9,5,8,5,7,16,17,12,18,20,23,8,0,739
"311950 Coronel Murta",0,0,0,0,0,0,0,0,0,0,0,0,0,1,1,0,0,0,0,0,0,0,0,0,0,0,0,0,0,0,0,0,0,0,0,0,0,0,0,0,0,0,2
"311960 Coronel Pacheco",3,6,0,1,1,2,0,0,0,0,0,0,0,0,0,0,0,0,0,0,0,0,0,0,0,0,0,0,0,0,0,0,0,0,0,0,0,0,0,0,0,0,13
"311970 Coronel Xavier Chaves",0,0,0,0,2,1,1,1,0,1,2,1,0,0,0,0,0,0,0,0,0,0,0,0,0,0,0,0,0,0,0,0,0,0,0,0,0,0,0,0,0,0,9
"311980 Córrego Danta",0,0,0,0,0,0,0,0,0,0,1,1,0,1,0,0,0,0,1,1,2,0,0,0,0,0,1,0,0,0,0,0,0,0,0,0,0,0,0,0,0,0,8
"311990 Córrego do Bom Jesus",0,0,0,0,0,0,0,0,0,0,0,0,0,0,0,0,0,0,0,0,0,0,0,0,0,0,0,0,0,0,0,0,0,0,0,0,0,0,0,0,0,0,0
"311995 Córrego Fundo",0,0,0,0,0,0,1,0,1,0,1,0,0,0,0,0,0,0,0,0,0,1,0,1,0,0,0,0,0,0,0,0,0,0,0,0,0,0,2,1,2,3,13
"312000 Córrego Novo",0,1,0,0,0,0,0,0,0,0,0,0,0,0,0,0,0,0,0,0,0,0,0,0,0,0,0,0,0,0,0,0,0,0,0,0,0,0,0,0,0,0,1
"312010 Couto de Magalhães de Minas",0,0,0,2,0,0,1,0,2,0,1,0,0,0,0,0,0,0,1,0,0,0,0,0,0,0,0,0,0,0,0,0,0,0,0,0,0,0,0,0,0,0,7
"312015 Crisólita",0,0,0,0,0,0,0,0,0,0,0,0,0,1,0,0,0,0,0,1,0,0,0,0,0,0,0,0,0,0,0,0,1,0,0,0,0,0,0,1,0,0,4
"312020 Cristais",0,0,0,0,0,0,0,0,0,0,0,0,0,0,0,0,0,0,0,0,0,0,0,0,0,0,0,0,0,0,0,0,0,0,0,0,0,0,0,0,0,0,0
"312030 Cristália",0,0,0,0,0,1,1,0,0,0,0,0,0,0,0,0,0,0,0,0,0,0,0,0,0,0,0,0,0,0,0,0,0,0,0,0,0,0,0,0,0,0,2
"312040 Cristiano Otoni",0,0,0,0,0,0,0,0,0,0,0,0,0,0,0,0,0,0,0,0,0,0,0,0,0,0,0,0,0,0,0,0,0,0,0,0,0,0,0,0,0,0,0
"312050 Cristina",0,0,0,0,0,0,0,1,0,0,0,0,1,0,0,0,0,0,0,0,0,0,0,0,0,0,0,0,0,0,0,0,0,0,0,0,0,0,0,0,0,0,2
"312060 Crucilândia",0,0,0,0,1,0,0,0,0,0,0,0,0,0,0,0,0,1,0,0,0,0,0,0,0,0,0,0,0,0,0,0,0,0,0,0,0,0,0,1,0,0,3
"312070 Cruzeiro da Fortaleza",0,1,0,0,0,0,0,2,0,1,1,0,0,4,0,0,4,7,1,1,2,0,0,2,1,0,0,0,0,0,0,0,0,0,0,0,0,0,0,0,0,0,27
"312080 Cruzília",0,0,0,0,0,0,1,0,0,1,1,1,0,3,3,7,4,3,5,9,2,12,2,4,0,0,1,4,0,1,0,0,0,0,1,0,0,2,0,1,0,2,70
"312083 Cuparaque",0,1,0,0,0,0,0,0,1,0,0,0,0,0,0,0,0,0,0,0,0,0,0,0,0,0,1,2,0,0,1,0,0,1,1,1,0,0,0,0,0,0,9
"312087 Curral de Dentro",0,0,0,0,0,0,0,0,0,0,0,0,0,0,0,0,0,0,0,0,0,0,0,0,0,0,0,0,0,0,0,0,0,0,0,0,0,0,0,0,0,0,0
"312090 Curvelo",0,2,1,4,1,1,4,4,4,0,5,3,1,1,3,2,0,3,4,3,4,1,0,0,0,0,0,0,0,1,0,0,0,0,0,0,0,1,0,0,2,0,55
"312100 Datas",0,0,0,1,0,0,0,0,1,1,0,0,0,0,1,0,0,1,0,0,1,0,0,0,0,0,0,0,0,0,0,0,0,1,0,0,0,0,0,0,0,0,7
"312110 Delfim Moreira",0,0,0,1,0,0,0,0,0,1,0,0,2,0,0,1,2,1,0,0,0,0,1,0,0,0,0,0,0,0,0,0,0,0,0,0,0,1,0,0,0,0,10
"312120 Delfinópolis",0,0,0,0,0,0,1,2,3,1,1,3,0,0,0,0,0,0,1,0,0,1,0,0,0,0,0,0,0,0,0,0,0,0,0,0,0,0,0,0,0,0,13
"312125 Delta",0,0,4,17,8,12,9,2,9,7,1,3,4,9,5,2,6,6,8,26,24,37,19,8,8,9,3,0,0,0,0,0,0,0,0,0,0,0,0,0,0,1,247
"312130 Descoberto",1,2,5,3,2,2,15,1,5,1,1,0,0,3,2,1,4,3,5,0,0,0,0,0,0,1,0,0,0,0,0,0,0,0,0,0,0,0,0,0,0,0,57
"312140 Desterro de Entre Rios",0,0,0,0,0,0,0,0,1,3,1,4,0,0,0,0,0,0,0,0,0,0,0,0,0,0,0,0,0,0,0,0,0,0,0,0,0,0,0,0,0,0,9
"312150 Desterro do Melo",0,0,0,0,0,0,0,0,0,0,0,0,0,0,0,0,0,0,0,0,0,0,0,0,0,0,0,0,0,0,0,0,0,0,0,0,0,0,0,0,0,0,0
"312160 Diamantina",14,12,14,20,20,16,15,9,10,14,31,14,13,21,19,9,6,8,9,10,8,10,8,4,7,8,8,8,4,5,3,3,1,5,6,7,6,5,5,17,9,7,428
"312170 Diogo de Vasconcelos",0,0,1,0,0,0,0,5,1,0,3,1,1,1,0,0,0,0,1,7,2,1,1,0,0,0,0,0,0,0,0,0,0,0,0,0,0,0,0,0,0,0,25
"312180 Dionísio",0,0,0,1,0,0,1,0,1,1,0,0,0,0,0,0,0,0,0,0,0,0,0,0,0,0,0,0,0,0,0,0,0,0,0,0,0,1,0,2,1,0,8
"312190 Divinésia",0,2,0,2,3,3,0,2,2,5,8,9,5,8,7,4,6,5,5,0,6,0,0,0,0,0,0,0,0,0,0,0,0,0,0,0,0,0,0,0,0,0,82
"312200 Divino",0,0,0,0,0,0,0,1,1,1,1,3,7,5,11,5,20,20,13,8,3,1,2,4,0,0,0,0,0,0,1,0,0,0,0,1,0,1,2,3,1,1,116
"312210 Divino das Laranjeiras",0,0,0,0,0,0,1,0,0,0,0,0,0,0,0,0,0,0,0,0,0,0,0,0,0,0,0,0,0,0,0,0,1,0,0,0,0,0,0,0,0,0,2
"312220 Divinolândia de Minas",0,0,0,2,0,1,2,3,0,1,1,0,1,0,0,0,0,2,0,1,0,0,0,0,0,0,0,0,0,0,0,0,1,1,0,0,0,0,0,0,0,0,16
"312230 Divinópolis",6,17,23,33,49,71,120,174,189,106,151,138,122,127,140,74,108,102,97,113,57,48,68,64,27,13,15,11,6,15,8,7,1,10,8,7,7,7,11,6,3,1,2360
"312235 Divisa Alegre",0,0,0,0,0,0,0,0,1,0,0,0,0,1,2,2,1,0,1,0,1,2,0,0,0,0,0,0,0,0,0,0,0,0,0,0,0,0,0,1,0,0,12
"312240 Divisa Nova",0,0,1,0,0,0,0,0,0,0,1,2,2,2,0,0,0,0,0,0,0,0,0,0,0,0,0,0,0,0,0,0,0,0,0,1,0,0,3,0,3,1,16
"312245 Divisópolis",0,0,0,0,0,0,0,0,0,0,0,0,0,0,1,1,0,0,0,0,0,0,0,0,0,0,0,0,0,0,0,0,0,0,0,0,0,0,0,0,0,0,2
"312247 Dom Bosco",0,0,0,0,0,0,0,0,0,0,0,0,0,1,1,0,0,0,0,0,0,0,0,0,0,0,0,0,0,0,0,0,0,0,0,0,0,0,0,0,0,0,2
"312250 Dom Cavati",0,3,0,3,1,7,2,12,2,1,3,1,1,0,0,0,0,1,0,0,0,1,0,0,0,0,0,0,0,0,0,0,0,0,0,0,0,0,0,0,0,0,38
"312260 Dom Joaquim",0,0,2,1,1,0,0,1,0,0,0,0,0,0,0,0,0,1,2,0,0,2,0,0,0,0,0,0,0,0,0,2,0,0,0,0,0,0,0,0,0,0,12
"312270 Dom Silvério",0,0,0,2,0,0,0,1,0,0,3,8,6,6,8,2,1,1,4,7,5,4,6,3,3,10,1,0,0,3,0,0,1,1,0,0,0,0,0,0,0,0,86
"312280 Dom Viçoso",0,0,0,0,0,0,0,0,0,1,0,0,0,0,0,0,0,0,0,0,0,0,0,0,0,0,0,0,0,0,0,0,0,0,0,0,0,0,0,0,0,0,1
"312290 Dona Euzébia",1,6,9,8,6,17,16,6,13,2,9,9,17,11,10,4,6,2,5,1,4,2,2,1,0,0,0,0,0,0,0,0,0,0,0,0,0,0,0,0,0,0,167
"312300 Dores de Campos",0,0,1,0,1,0,0,0,0,0,0,0,0,0,0,0,1,0,0,0,0,0,0,0,0,0,0,0,0,0,0,0,0,0,0,0,0,0,0,0,0,0,3
"312310 Dores de Guanhães",1,0,0,0,0,0,0,0,0,0,0,0,0,0,0,0,0,0,0,0,0,0,0,0,0,0,0,0,0,0,0,0,0,0,0,0,0,0,0,0,0,0,1
"312320 Dores do Indaiá",17,25,12,26,38,29,16,49,29,26,39,26,9,10,2,1,0,1,0,1,3,0,0,0,0,0,0,0,0,2,0,0,0,0,0,0,0,0,0,0,0,0,361
"312330 Dores do Turvo",0,0,0,0,0,0,0,0,0,0,0,0,0,4,0,1,2,0,0,0,0,0,0,1,2,2,3,1,3,0,0,0,0,0,0,0,0,0,0,0,0,0,19
"312340 Doresópolis",0,0,0,0,0,0,0,0,0,0,0,0,1,0,1,0,0,0,0,0,0,0,0,0,0,0,0,0,0,0,0,0,0,0,0,0,0,0,0,0,0,0,2
"312350 Douradoquara",0,1,0,0,0,0,0,0,0,0,0,0,0,0,3,3,1,6,6,1,0,0,9,0,0,1,0,0,0,0,0,0,0,0,0,0,0,0,0,0,0,0,31
"312352 Durandé",0,1,0,3,2,1,0,2,0,1,0,3,1,3,0,3,0,0,0,0,0,0,0,0,0,0,0,0,0,0,0,0,0,0,0,0,0,0,1,0,0,0,21
"312360 Elói Mendes",1,1,1,0,3,1,2,3,3,9,18,10,19,13,7,26,6,13,21,6,15,5,8,2,0,0,0,1,0,0,0,0,0,0,0,0,0,0,0,1,0,0,195
"312370 Engenheiro Caldas",0,0,0,0,0,0,0,0,0,0,0,0,0,0,0,0,0,0,0,0,0,0,0,0,0,0,0,0,0,0,0,0,0,0,0,0,1,1,3,1,4,2,12
"312380 Engenheiro Navarro",0,0,3,0,3,0,0,0,1,0,0,1,0,0,0,0,0,0,0,0,0,0,0,0,0,0,1,0,0,0,0,0,0,0,0,0,0,0,0,0,0,0,9
"312385 Entre Folhas",0,0,0,0,0,0,0,0,3,0,1,0,0,0,0,0,0,0,0,0,0,0,0,0,0,0,0,0,0,0,0,0,0,0,0,0,0,0,0,0,0,0,4
"312390 Entre Rios de Minas",0,0,0,0,0,0,0,0,0,0,0,0,0,0,0,0,0,0,0,0,0,0,0,0,0,0,0,0,0,0,0,0,0,0,0,0,0,0,0,0,0,0,0
"312400 Ervália",0,0,0,0,1,2,0,2,2,0,1,2,1,3,0,2,0,0,0,0,0,1,0,0,0,0,0,0,0,0,0,0,0,0,1,0,0,0,0,0,1,0,19
"312410 Esmeraldas",0,0,1,0,0,1,1,2,0,0,0,0,2,0,1,1,0,0,0,0,0,1,3,8,7,0,2,5,4,2,6,5,13,5,10,5,9,18,4,6,1,0,123
"312420 Espera Feliz",1,3,2,1,5,4,1,1,0,0,1,0,7,13,4,4,4,5,3,0,1,1,1,0,0,1,1,1,0,0,1,0,1,0,2,0,1,0,0,0,0,0,70
"312430 Espinosa",1,14,17,24,40,52,48,65,91,55,40,58,26,18,22,11,11,1,4,5,2,2,4,4,1,1,0,1,0,3,1,0,0,2,1,0,0,0,0,0,3,0,628
"312440 Espírito Santo do Dourado",0,0,2,0,0,0,0,0,0,0,0,0,0,0,0,0,0,0,0,0,0,0,0,0,1,0,0,0,0,0,0,0,0,0,0,0,0,1,0,0,0,0,4
"312450 Estiva",0,0,0,0,0,0,0,0,0,0,0,0,1,0,0,0,0,0,0,0,0,0,0,0,0,0,0,0,0,0,0,0,0,0,0,0,0,0,0,0,0,0,1
"312460 Estrela Dalva",0,0,0,0,0,0,0,0,0,0,2,2,5,2,0,1,2,0,0,0,0,1,0,0,0,0,0,0,0,0,0,0,0,0,0,0,0,0,0,0,0,0,15
"312470 Estrela do Indaiá",0,0,2,0,0,0,0,2,1,4,2,4,5,2,1,1,4,1,1,1,0,0,1,0,0,2,0,0,1,0,0,0,0,0,0,0,0,0,0,0,1,0,36
"312480 Estrela do Sul",0,0,0,1,0,4,0,0,0,0,2,1,0,0,2,1,0,2,0,0,3,2,0,0,0,0,1,0,0,0,0,0,0,0,0,0,0,0,0,0,0,0,19
"312490 Eugenópolis",0,0,0,0,25,18,24,25,16,14,8,2,3,6,0,11,13,25,18,5,2,6,1,1,0,0,0,0,0,0,0,0,0,0,0,0,0,1,1,0,1,0,226
"312500 Ewbank da Câmara",0,0,0,0,0,0,0,0,0,0,0,0,0,0,0,0,0,1,0,1,0,0,0,0,0,2,0,0,0,0,0,0,0,0,0,0,0,0,0,0,0,0,4
"312510 Extrema",0,1,0,0,0,1,0,1,1,0,0,1,0,0,1,0,1,2,0,2,1,0,1,0,0,0,0,0,0,0,0,0,0,0,0,0,0,0,0,0,0,0,13
"312520 Fama",0,0,0,0,0,0,0,0,0,0,0,0,0,0,0,0,0,0,0,0,0,0,0,0,0,0,0,0,0,0,0,0,0,0,0,0,0,0,0,0,0,0,0
"312530 Faria Lemos",0,2,4,21,17,5,1,6,0,0,0,0,1,2,2,0,0,0,0,0,0,0,0,0,0,0,0,0,0,0,0,0,0,0,0,0,0,0,0,0,0,0,61
"312540 Felício dos Santos",0,0,0,0,0,0,0,1,2,0,0,0,0,0,1,1,1,0,0,0,0,0,0,0,0,0,0,0,0,0,0,0,0,0,0,0,0,0,0,0,0,0,6
"312560 Felisburgo",0,0,1,0,0,1,0,1,0,0,0,0,0,0,0,0,0,0,0,0,0,0,0,0,1,0,0,0,0,0,0,0,0,0,0,0,0,0,0,0,0,0,4
"312570 Felixlândia",1,1,1,1,3,0,4,1,2,3,2,2,3,1,0,0,1,1,4,0,1,0,2,1,0,0,0,0,0,0,1,1,0,1,0,2,0,1,2,0,2,1,46
"312580 Fernandes Tourinho",0,0,0,0,0,0,0,1,0,0,0,0,0,0,0,0,0,1,0,1,0,0,0,0,0,0,0,0,0,0,0,0,0,0,0,0,0,0,0,0,0,0,3
"312590 Ferros",0,4,1,2,0,0,3,1,0,0,0,0,0,0,0,0,0,0,0,1,0,0,0,0,0,0,0,0,0,0,0,0,1,0,0,1,0,2,0,2,2,1,21
"312595 Fervedouro",0,3,0,0,2,2,13,10,1,4,2,7,1,9,6,3,2,5,3,2,0,0,0,0,0,0,0,0,0,0,0,0,0,0,0,0,0,0,0,0,0,1,76
"312600 Florestal",0,6,1,0,3,0,0,0,0,3,3,3,4,4,1,2,5,0,2,0,1,0,1,3,1,0,1,1,0,1,0,0,0,0,0,1,0,1,0,0,0,0,48
"312610 Formiga",0,0,1,0,2,14,22,18,20,22,27,24,16,31,12,19,26,25,28,36,20,12,8,10,4,3,5,5,6,3,2,4,2,6,8,2,5,8,2,8,0,0,466
"312620 Formoso",2,0,1,0,1,2,2,2,7,6,6,1,0,1,0,0,2,0,2,0,1,0,1,4,1,0,1,1,0,0,0,0,0,0,0,0,0,0,0,0,0,0,44
"312630 Fortaleza de Minas",0,0,0,0,1,0,2,2,2,0,0,0,0,2,0,0,0,0,1,0,0,0,0,0,0,0,0,0,0,0,0,0,0,0,0,0,0,0,0,0,0,0,10
"312640 Fortuna de Minas",0,0,0,0,0,0,0,0,0,0,2,0,2,1,1,2,0,0,0,2,2,0,0,2,0,0,0,0,0,0,0,0,0,0,0,0,0,0,0,0,0,0,14
"312650 Francisco Badaró",3,12,14,14,17,21,9,7,3,0,3,5,6,5,3,2,3,3,2,2,2,6,7,5,6,4,11,18,14,10,13,8,11,9,12,14,5,3,5,5,6,3,311
"312660 Francisco Dumont",0,0,2,3,2,3,3,2,3,0,0,0,0,0,0,0,0,0,1,0,0,0,0,0,0,0,0,0,0,0,0,0,0,0,0,0,0,0,0,0,0,0,19
"312670 Francisco Sá",0,2,0,2,0,3,1,0,1,0,2,1,1,0,0,0,1,0,0,0,0,0,0,4,0,1,0,1,0,1,0,0,0,1,0,1,0,4,0,0,0,0,27
"312675 Franciscópolis",0,1,0,0,0,0,0,0,0,0,0,0,0,0,0,0,0,0,0,0,0,0,0,0,0,0,0,0,0,0,0,0,0,0,0,0,0,0,0,0,0,0,1
"312680 Frei Gaspar",0,0,1,0,0,0,0,1,2,4,3,1,3,1,1,0,2,1,1,1,3,0,0,0,0,1,0,0,0,0,0,0,0,0,0,0,0,0,0,0,0,0,26
"312690 Frei Inocêncio",0,0,0,0,0,0,0,0,0,0,1,0,0,0,0,5,7,10,0,0,0,1,0,0,0,0,0,0,0,0,0,0,0,0,0,0,0,0,0,0,0,0,24
"312695 Frei Lagonegro",0,0,0,0,0,3,0,1,0,0,0,1,0,0,1,0,0,0,1,0,0,0,0,0,0,0,0,0,0,0,0,0,0,0,0,0,0,0,0,0,0,0,7
"312700 Fronteira",15,56,103,63,80,73,13,41,98,111,68,68,42,74,5,27,35,22,35,26,30,25,25,11,3,6,3,3,3,5,3,2,2,1,2,0,1,1,2,0,0,0,1183
"312705 Fronteira dos Vales",0,0,0,0,0,0,0,0,0,0,0,0,0,0,0,0,0,0,0,0,0,0,0,0,0,0,0,0,0,0,0,0,0,0,0,0,0,0,0,0,0,0,0
"312707 Fruta de Leite",0,0,0,0,0,0,0,0,0,0,0,0,0,0,0,0,0,0,0,0,0,0,1,0,0,0,0,0,0,0,0,0,0,0,0,0,0,0,0,0,0,0,1
"312710 Frutal",16,35,103,161,247,264,353,391,402,249,411,294,299,225,170,141,122,108,100,85,89,60,31,22,10,12,8,10,6,5,2,0,3,5,4,6,4,3,7,4,10,2,4479
"312720 Funilândia",1,0,0,0,0,0,1,0,0,0,0,1,2,3,0,0,0,0,1,0,2,0,1,0,1,2,1,0,0,2,0,0,0,0,0,0,0,0,0,0,0,2,20
"312730 Galiléia",0,1,1,1,0,0,0,0,0,0,0,0,0,0,1,0,0,0,0,0,0,0,0,0,0,0,0,0,0,0,0,0,0,0,0,0,0,0,0,0,0,0,4
"312733 Gameleiras",0,0,1,5,9,3,11,13,15,6,7,3,0,3,3,0,0,0,0,3,0,2,0,0,0,0,0,0,0,0,0,0,0,0,0,0,0,0,0,0,0,0,84
"312735 Glaucilândia",0,1,0,1,0,0,0,0,0,0,0,0,0,0,0,1,0,0,0,0,0,0,1,0,0,0,0,0,0,0,0,0,0,0,0,0,0,0,0,0,0,0,4
"312737 Goiabeira",0,0,0,0,0,0,1,0,0,0,0,0,0,0,0,0,0,0,0,0,0,0,0,0,0,0,0,0,0,0,0,0,0,0,0,0,0,0,0,0,3,1,5
"312738 Goianá",1,7,1,0,0,0,0,0,2,2,7,3,0,3,3,0,0,6,6,4,4,3,0,0,1,0,1,1,0,0,0,0,0,0,0,0,0,0,0,0,0,0,55
"312740 Gonçalves",0,1,0,0,0,0,0,0,0,0,0,1,0,0,0,0,0,0,0,0,0,0,0,0,0,0,0,0,0,0,0,0,0,0,0,0,0,0,0,0,0,0,2
"312750 Gonzaga",0,1,0,0,0,2,0,1,2,2,0,0,1,0,0,0,0,1,1,0,0,1,1,0,0,0,0,1,0,0,0,0,0,0,0,0,0,0,0,0,0,0,14
"312760 Gouvêa",0,0,1,1,0,1,0,0,1,0,0,0,0,1,0,0,0,0,0,0,0,0,0,0,0,0,0,0,0,0,0,0,0,0,0,0,0,0,0,1,0,0,6
"312770 Governador Valadares",3,3,11,38,73,65,31,21,28,13,15,15,15,7,6,6,10,4,7,12,18,11,11,2,10,1,3,2,2,1,1,5,22,25,1,4,2,3,50,69,16,8,650
"312780 Grão Mogol",0,0,0,0,0,0,0,0,0,0,0,0,0,0,0,0,0,0,0,0,0,0,0,0,0,0,0,0,0,0,0,0,0,0,0,0,0,0,0,0,0,0,0
"312790 Grupiara",0,0,0,0,0,0,0,0,2,0,0,0,0,0,0,0,0,0,0,0,0,0,0,0,0,0,1,3,1,3,0,1,0,1,0,3,1,2,1,2,0,0,21
"312800 Guanhães",0,3,0,0,0,2,0,0,0,1,1,2,5,3,1,4,6,5,3,3,9,4,1,4,2,2,5,2,1,0,2,1,0,0,2,0,1,1,1,1,2,0,80
"312810 Guapé",0,0,0,1,0,0,0,3,4,6,4,7,0,0,8,0,1,2,3,4,8,0,0,0,0,0,0,0,0,0,0,0,0,0,0,0,0,0,0,0,0,2,53
"312820 Guaraciaba",0,0,0,0,0,2,0,0,0,1,1,0,4,0,0,2,1,2,3,1,0,0,0,0,0,0,0,0,0,0,0,0,0,0,0,0,0,0,0,0,0,0,17
"312825 Guaraciama",0,0,1,3,0,0,0,0,0,0,1,0,0,0,0,0,1,0,1,0,0,1,0,0,0,0,0,0,0,0,0,0,0,0,0,0,0,0,0,0,0,0,8
"312830 Guaranésia",0,1,1,0,0,1,2,1,1,2,4,12,5,5,17,9,5,7,13,3,1,3,4,1,3,3,0,0,0,0,0,0,0,0,0,0,0,0,0,0,0,0,104
"312840 Guarani",0,0,1,2,2,2,9,7,4,5,11,5,15,13,12,7,14,9,11,7,13,0,2,1,0,2,0,0,0,0,0,0,1,0,0,0,0,0,0,0,0,0,155
"312850 Guarará",0,1,5,0,5,0,0,7,6,7,14,9,9,16,18,6,10,8,3,5,0,1,0,0,0,0,0,0,0,0,0,0,0,0,0,0,0,0,0,0,0,0,130
"312860 Guarda-Mor",1,1,1,1,0,0,2,2,0,0,0,0,1,0,0,0,0,0,0,0,0,0,1,0,2,0,1,0,1,0,0,0,0,0,0,0,0,0,0,0,0,0,14
"312870 Guaxupé",10,7,13,29,42,46,48,50,85,82,156,190,154,214,243,161,189,254,181,123,88,47,58,33,20,11,8,7,6,0,3,1,2,4,3,5,0,3,2,5,6,0,2589
"312880 Guidoval",0,0,0,0,0,0,0,0,0,0,0,0,0,0,0,0,0,1,1,2,0,3,2,1,0,0,0,0,0,0,0,0,0,0,0,0,0,0,0,0,0,1,11
"312890 Guimarânia",0,0,0,0,0,0,2,0,2,0,0,0,0,0,1,0,0,1,1,0,0,0,0,0,0,0,0,0,0,0,0,0,0,0,0,0,0,0,0,0,0,0,7
"312900 Guiricema",0,0,1,2,3,3,5,6,4,1,1,0,2,0,1,0,2,1,1,2,2,1,0,0,0,0,0,0,0,0,0,0,0,1,0,1,0,1,1,0,3,3,48
"312910 Gurinhatã",1,0,0,4,2,2,2,0,2,4,3,2,6,4,0,0,0,1,3,0,5,0,0,2,1,0,2,0,0,0,0,0,0,1,0,1,0,0,0,0,0,0,48
"312920 Heliodora",0,0,0,0,0,0,0,0,0,0,1,0,1,3,1,2,6,1,5,2,0,0,0,1,0,0,1,0,0,0,0,0,0,0,0,0,0,0,0,0,0,0,24
"312930 Iapu",2,2,4,0,4,3,4,1,2,2,3,4,0,5,2,1,1,4,1,1,2,1,1,4,1,2,0,0,0,0,0,0,0,0,0,0,1,0,0,0,0,0,58
"312940 Ibertioga",0,0,0,0,0,0,0,0,0,0,0,0,0,0,1,0,0,0,0,0,0,0,0,0,0,0,0,0,0,0,0,0,0,0,0,0,0,0,0,0,0,0,1
"312950 Ibiá",0,0,0,1,2,1,1,1,1,0,1,4,2,3,3,2,3,3,1,3,0,1,0,1,1,0,0,0,0,1,0,0,0,0,0,0,0,0,0,0,1,0,37
"312960 Ibiaí",0,0,0,0,0,0,0,2,0,0,0,1,0,0,1,0,0,0,1,1,0,2,0,1,1,2,2,2,0,0,0,0,0,0,3,0,0,0,0,0,0,0,19
"312965 Ibiracatu",0,2,0,2,0,1,2,0,0,2,1,2,1,1,0,1,0,0,0,0,0,0,0,0,0,0,0,0,0,0,0,0,0,0,0,0,0,0,0,0,0,0,15
"312970 Ibiraci",0,0,1,3,2,0,1,0,1,5,2,5,2,4,5,5,2,2,2,2,6,1,1,0,0,0,2,2,0,0,0,0,0,0,0,0,1,0,0,0,3,1,61
"312980 Ibirité",10,19,25,57,63,81,69,41,61,62,114,75,54,63,60,25,52,49,52,16,10,5,5,5,2,4,0,5,5,2,9,6,9,9,12,7,9,7,16,9,20,0,1204
"312990 Ibitiúra de Minas",0,0,0,0,0,1,0,0,0,0,0,0,0,0,0,0,1,0,0,0,0,0,0,0,0,0,0,0,0,0,0,0,0,0,0,0,0,0,0,0,0,0,2
"313000 Ibituruna",0,0,0,0,0,0,0,0,0,0,0,1,1,0,0,1,0,0,0,1,0,0,0,0,0,0,0,0,0,0,0,0,0,0,0,0,0,0,0,0,0,2,6
"313005 Icaraí de Minas",0,0,0,0,0,1,3,2,3,0,1,1,0,0,1,0,0,0,0,0,0,0,0,0,0,0,1,0,0,0,0,0,0,0,0,0,0,0,0,0,0,0,13
"313010 Igarapé",2,11,18,17,22,25,14,2,0,30,22,32,31,25,15,11,8,7,32,13,2,8,2,5,6,3,2,1,4,3,4,3,2,7,6,5,7,5,7,5,11,10,445
"313020 Igaratinga",0,2,1,0,0,1,1,0,0,0,2,3,2,2,1,1,1,7,3,3,1,1,0,1,0,0,0,0,0,0,1,1,0,1,0,4,4,4,1,4,4,3,60
"313030 Iguatama",1,0,1,0,2,0,0,0,1,0,0,1,1,0,0,0,1,0,0,0,0,0,0,1,0,0,0,0,0,0,0,0,1,0,0,0,0,0,1,3,0,2,16
"313040 Ijaci",0,0,1,0,0,0,1,0,0,1,2,2,8,9,12,7,25,26,28,28,18,14,0,0,0,0,0,0,0,0,0,0,0,0,0,0,0,0,0,0,0,0,182
"313050 Ilicínea",0,1,0,1,0,0,0,3,2,0,7,4,3,4,1,0,0,11,2,4,1,1,0,0,0,0,0,0,2,0,0,0,0,1,0,1,1,2,3,2,2,1,60
"313055 Imbé de Minas",0,0,0,0,0,0,0,0,1,1,1,3,2,0,0,0,1,1,0,0,0,0,1,0,0,0,0,0,0,0,0,0,0,0,0,0,0,0,0,0,0,0,11
"313060 Inconfidentes",0,0,0,0,0,0,0,0,0,1,0,1,0,0,0,0,0,0,0,0,0,0,0,0,1,0,0,0,0,0,0,0,0,0,0,0,0,0,0,0,0,0,3
"313065 Indaiabira",0,0,0,0,0,0,0,0,0,0,0,0,1,0,0,0,0,0,0,0,0,0,1,1,0,0,0,0,0,0,0,0,0,0,0,0,0,0,0,0,0,0,3
"313070 Indianópolis",0,0,0,0,0,2,0,0,0,2,3,1,2,4,2,3,6,5,1,1,0,1,0,1,0,0,0,2,0,0,0,0,0,2,1,0,0,0,0,1,0,0,40
"313080 Ingaí",0,0,0,0,0,0,0,0,0,0,0,0,0,0,0,0,0,0,0,0,0,0,0,0,0,0,0,0,0,0,0,0,0,0,0,0,0,0,0,0,0,0,0
"313090 Inhapim",0,3,3,1,7,2,0,2,3,2,7,22,20,28,19,9,13,14,9,6,5,11,9,3,1,1,0,0,1,5,0,0,0,2,1,1,0,0,0,1,1,0,212
"313100 Inhaúma",0,0,0,0,1,0,1,1,4,6,10,5,3,0,0,1,2,0,1,2,0,0,1,0,0,0,0,0,0,0,0,0,0,1,0,0,0,0,0,0,0,0,39
"313110 Inimutaba",1,1,1,0,0,2,1,5,3,0,0,0,2,1,0,0,2,0,0,0,0,1,0,0,0,0,0,0,0,0,0,0,0,0,0,1,0,0,0,1,0,0,22
"313115 Ipaba",8,5,3,4,4,4,1,2,7,2,8,5,1,2,5,3,3,1,5,5,4,4,4,0,0,2,1,2,2,6,0,0,0,1,1,0,0,1,2,0,0,0,108
"313120 Ipanema",0,1,0,0,1,0,0,1,0,0,0,1,1,1,0,0,0,0,0,0,0,0,1,0,0,0,0,0,0,0,0,0,0,0,0,0,0,0,0,0,0,0,7
"313130 Ipatinga",50,65,57,81,87,72,57,47,47,40,39,32,32,28,26,22,25,21,42,40,53,30,40,36,26,17,9,21,7,17,13,16,14,22,18,30,38,19,16,4,1,0,1357
"313140 Ipiaçu",1,4,1,3,7,1,8,13,3,7,4,9,12,20,24,12,12,6,7,5,7,11,5,6,8,3,4,2,2,3,2,5,2,1,1,2,0,0,0,0,1,0,224
"313150 Ipuiúna",0,0,0,0,0,0,0,0,0,0,0,0,0,0,0,0,0,0,0,0,0,0,0,0,0,0,0,0,0,0,0,0,0,0,0,0,0,0,0,0,0,0,0
"313160 Iraí de Minas",0,1,0,0,4,6,5,5,15,11,7,12,7,7,12,13,7,4,4,5,9,10,4,2,2,0,0,0,0,0,0,0,0,1,4,1,3,0,0,3,1,4,169
"313170 Itabira",1,3,3,2,3,3,4,3,0,0,0,3,2,0,4,6,1,1,3,1,4,0,3,0,2,1,1,1,0,0,2,2,1,1,1,2,2,4,2,5,2,0,79
"313180 Itabirinha de Mantena",1,1,0,6,5,1,0,2,2,1,0,0,4,2,0,0,0,1,0,3,0,1,2,3,0,0,0,0,0,0,0,0,0,0,0,0,0,0,0,0,0,0,35
"313190 Itabirito",0,0,2,2,3,1,0,0,1,0,0,2,0,0,3,5,1,2,0,0,0,0,2,0,0,0,1,0,1,1,0,0,0,0,2,0,0,0,0,1,0,2,32
"313200 Itacambira",0,0,0,0,0,0,1,0,0,0,1,0,0,0,0,0,0,0,0,0,0,0,0,0,0,0,0,0,0,0,0,0,0,0,0,0,0,0,0,0,0,0,2
"313210 Itacarambi",0,0,0,3,0,0,0,0,0,1,0,0,0,0,2,0,1,0,0,0,0,1,0,0,0,0,0,1,0,0,0,0,0,0,0,0,0,0,0,0,0,0,9
"313220 Itaguara",0,0,0,0,1,4,0,2,1,0,0,0,0,0,1,0,0,0,0,0,0,0,0,0,0,0,0,0,0,0,0,0,0,0,0,0,0,0,0,0,0,0,9
"313230 Itaipé",0,0,0,0,2,0,4,0,2,4,5,0,4,1,7,3,5,5,0,3,6,3,6,3,4,3,1,1,0,0,0,0,0,0,0,0,0,0,0,0,0,0,72
"313240 Itajubá",4,12,8,9,15,16,21,28,53,58,79,96,152,175,160,166,191,168,234,179,120,79,56,46,21,16,13,10,3,5,1,10,0,6,6,12,9,4,3,6,0,0,2250
"313250 Itamarandiba",0,1,0,8,3,5,2,4,4,0,4,5,3,2,3,0,1,1,0,0,2,0,1,0,0,0,0,0,0,0,0,1,0,0,0,0,1,0,0,0,0,0,51
"313260 Itamarati de Minas",0,0,0,0,0,1,1,1,0,0,0,0,1,3,0,0,2,1,0,0,0,0,0,0,0,0,0,0,0,0,0,0,0,0,0,0,0,0,0,0,0,0,10
"313270 Itambacuri",4,5,0,8,5,6,5,10,6,2,11,9,2,1,1,4,5,7,3,1,0,7,0,0,0,0,0,0,0,1,0,0,0,0,0,0,1,0,0,0,0,0,104
"313280 Itambé do Mato Dentro",1,0,0,0,0,0,0,0,0,0,0,0,0,0,0,0,0,0,0,0,0,0,0,0,0,0,0,0,0,0,0,0,0,0,0,0,0,0,0,0,0,0,1
"313290 Itamogi",0,0,1,0,1,0,1,1,2,0,1,4,2,6,5,2,3,1,8,5,4,8,3,1,0,0,1,0,0,0,0,0,0,0,0,0,0,0,0,0,0,1,61
"313300 Itamonte",0,0,0,0,0,0,0,3,0,0,1,2,1,0,0,0,0,0,1,1,0,0,0,0,0,0,0,1,0,0,0,0,0,0,0,0,0,0,0,0,0,0,10
"313310 Itanhandu",0,0,0,0,0,1,0,0,1,1,1,1,1,0,2,0,1,0,4,1,0,1,0,0,1,0,0,0,0,0,0,0,0,0,0,0,0,0,0,0,0,0,16
"313320 Itanhomi",3,4,3,6,2,0,0,0,0,0,0,0,0,0,0,0,0,0,0,0,0,0,0,0,0,0,0,0,0,0,0,0,0,0,0,0,0,0,0,0,0,0,18
"313330 Itaobim",0,0,0,0,0,1,0,1,1,0,0,1,0,0,0,0,1,0,0,0,0,1,0,3,2,1,0,0,0,0,0,1,0,0,0,0,0,3,0,0,0,0,16
"313340 Itapagipe",15,53,68,78,102,107,120,122,142,97,90,71,85,71,54,53,37,27,39,39,29,26,20,11,14,11,8,8,11,6,9,3,5,7,4,4,6,8,9,5,4,4,1682
"313350 Itapecerica",3,5,2,2,0,3,3,13,15,14,0,0,0,2,2,1,1,2,0,0,0,0,0,0,0,0,0,0,0,0,0,0,0,0,0,0,0,0,0,0,0,0,68
"313360 Itapeva",1,0,1,3,0,2,2,8,1,2,6,1,0,1,5,6,0,3,2,3,3,1,1,3,0,0,0,0,0,0,0,0,0,2,0,0,0,0,1,1,7,2,68
"313370 Itatiaiuçu",8,29,27,46,42,30,14,21,18,24,20,12,17,22,15,1,9,5,15,3,12,17,5,13,14,12,5,5,7,13,10,11,4,17,13,5,8,12,14,13,16,2,606
"313375 Itaú de Minas",1,0,1,0,2,3,5,2,3,0,2,2,3,0,5,0,1,0,3,0,0,1,0,0,0,1,0,0,0,1,1,0,1,1,0,1,0,0,0,7,1,4,52
"313380 Itaúna",1,1,2,0,1,1,0,1,0,3,1,0,3,5,7,4,5,1,7,1,3,3,6,6,1,4,0,0,0,11,15,1,0,0,1,1,2,0,0,0,0,0,98
"313390 Itaverava",0,0,0,0,0,0,0,0,0,0,0,0,0,0,2,2,1,2,1,1,0,0,0,0,0,0,0,0,0,0,2,0,0,0,0,0,0,0,0,0,0,0,11
"313400 Itinga",0,0,0,0,0,0,0,0,0,0,0,0,0,0,0,0,0,0,0,0,0,0,0,0,0,0,0,0,0,0,0,0,0,0,0,0,0,0,0,0,0,0,0
"313410 Itueta",0,0,0,0,1,0,2,0,3,1,1,0,0,0,1,0,0,0,0,0,0,0,0,0,0,0,0,0,0,0,0,0,0,0,0,0,0,2,0,0,2,0,13
"313420 Ituiutaba",0,7,9,14,22,21,25,32,43,44,41,39,71,102,55,115,90,103,91,80,39,98,62,53,13,41,27,16,7,15,16,3,0,1,3,5,1,7,1,13,14,9,1448
"313430 Itumirim",0,0,0,0,0,0,0,0,0,0,1,0,1,0,0,0,0,0,1,0,0,1,0,0,0,0,1,0,0,0,0,0,0,0,0,0,0,0,0,0,0,0,5
"313440 Iturama",152,394,286,354,275,345,189,133,102,121,93,65,32,32,19,14,16,13,13,12,14,16,6,4,7,0,3,1,2,0,2,4,9,0,3,1,1,2,1,0,8,0,2744
"313450 Itutinga",0,2,2,2,5,2,0,1,0,0,0,1,0,0,0,0,0,1,0,0,0,0,0,0,0,0,0,0,0,0,0,0,0,0,0,0,0,0,0,0,0,0,16
"313460 Jaboticatubas",0,0,0,1,4,3,2,3,3,2,5,2,4,6,3,2,4,3,0,2,1,1,0,1,0,0,0,0,0,1,0,0,0,0,0,0,1,1,0,0,2,3,60
"313470 Jacinto",0,0,0,0,0,0,0,0,0,0,0,0,0,0,0,0,0,0,0,0,0,0,0,0,0,0,0,0,0,0,0,0,0,0,0,0,0,0,0,0,0,0,0
"313480 Jacuí",0,0,0,0,0,0,1,1,1,0,2,1,0,2,0,0,0,0,2,2,0,0,0,1,0,0,0,1,0,0,0,0,0,0,0,0,0,0,0,0,0,0,14
"313490 Jacutinga",2,2,2,10,6,8,11,40,40,22,64,38,70,69,60,27,64,44,43,17,17,12,6,0,5,1,0,0,0,1,0,0,0,0,0,0,0,0,0,0,0,0,681
"313500 Jaguaraçu",0,3,2,0,0,0,2,0,0,0,0,0,0,0,0,0,1,0,0,0,0,0,0,0,0,0,0,0,0,0,0,0,0,0,0,0,0,0,0,0,0,0,8
"313505 Jaíba",1,0,0,0,0,1,2,2,2,0,0,0,0,0,0,0,0,0,0,0,0,0,0,0,0,0,0,0,0,0,0,0,0,0,0,0,0,0,0,0,0,0,8
"313507 Jampruca",0,0,1,1,1,3,1,0,0,0,0,0,0,1,0,0,0,0,0,0,0,1,0,1,0,0,0,0,0,0,0,0,0,0,0,0,0,0,0,1,0,0,11
"313510 Janaúba",18,20,18,34,32,33,46,48,60,47,31,30,40,33,29,28,19,20,26,20,25,19,23,29,9,5,12,8,10,5,7,8,6,5,12,12,4,8,10,14,13,9,885
"313520 Januária",5,1,5,6,2,0,3,1,1,2,1,2,0,0,3,3,1,0,0,0,0,0,1,0,3,2,1,0,0,2,1,1,1,3,1,3,4,24,14,10,9,12,128
"313530 Japaraíba",0,0,0,0,0,0,0,0,0,0,0,0,0,0,0,0,0,0,0,0,0,0,0,0,0,0,0,0,0,0,0,0,0,0,0,0,0,0,0,0,0,0,0
"313535 Japonvar",0,0,0,1,4,1,2,0,3,2,0,0,1,1,1,1,1,1,1,0,0,1,0,0,0,0,0,0,0,0,0,0,0,0,0,0,0,0,0,0,0,0,21
"313540 Jeceaba",0,0,1,0,1,0,0,0,1,0,0,1,0,0,0,0,0,0,0,0,0,0,0,0,0,0,0,0,0,0,0,0,0,0,0,0,0,0,0,0,0,0,4
"313545 Jenipapo de Minas",1,2,2,3,1,0,0,1,1,0,1,0,0,0,0,0,1,0,0,1,0,0,0,0,0,0,0,0,0,0,1,0,0,0,0,0,0,0,0,0,1,0,16
"313550 Jequeri",0,1,0,0,1,3,3,2,0,0,2,0,7,18,19,17,12,16,19,12,8,5,6,2,4,3,1,0,0,0,0,0,0,0,0,0,0,0,0,0,0,0,161
"313560 Jequitaí",1,2,0,0,1,1,1,4,3,3,4,1,1,0,0,1,0,3,0,1,1,0,0,0,0,0,0,0,0,0,0,0,0,0,0,0,0,0,0,0,0,0,28
"313570 Jequitibá",0,0,0,0,0,0,0,0,0,0,0,0,0,0,0,0,0,0,0,0,0,0,0,0,0,0,0,0,0,0,0,0,0,0,0,0,0,0,0,0,0,0,0
"313580 Jequitinhonha",0,0,0,0,0,0,0,0,0,0,0,0,0,0,0,0,0,0,0,0,0,0,0,0,0,0,0,0,0,0,0,0,0,0,0,0,0,0,0,0,0,0,0
"313590 Jesuânia",0,0,0,0,0,0,0,0,0,0,0,1,0,0,0,0,0,0,0,0,0,0,0,0,0,0,0,0,0,0,0,0,0,0,0,0,0,0,0,0,0,0,1
"313600 Joaíma",0,0,0,0,0,0,0,0,0,0,0,0,0,0,0,0,0,0,0,0,0,0,0,0,0,0,0,0,0,0,0,0,0,0,2,0,0,0,0,0,0,0,2
"313610 Joanésia",0,1,0,0,1,0,0,0,0,0,1,1,0,0,0,2,0,0,0,0,0,0,0,1,0,0,0,0,0,0,0,0,0,0,0,0,0,0,0,0,4,1,12
"313620 João Monlevade",2,0,5,4,7,6,3,5,2,3,4,4,7,4,4,3,5,1,6,4,3,1,2,3,2,0,0,2,2,0,0,0,1,0,0,0,1,2,9,3,3,2,115
"313630 João Pinheiro",0,0,2,2,2,2,3,6,2,2,2,4,5,3,3,5,11,7,8,7,9,5,6,5,2,4,2,2,0,4,1,0,0,0,0,3,0,0,0,0,0,0,119
"313640 Joaquim Felício",0,1,0,1,0,0,0,0,1,0,0,0,1,0,0,0,0,1,1,0,0,0,0,0,0,0,1,3,0,0,0,0,0,0,0,0,0,0,0,0,0,0,10
"313650 Jordânia",0,0,0,0,0,0,0,0,0,0,0,1,0,1,1,1,0,0,0,0,0,0,0,0,0,0,0,0,0,0,0,0,0,0,0,0,0,0,0,0,0,0,4
"313652 José Gonçalves de Minas",0,0,1,0,0,2,0,0,0,0,0,0,0,1,0,0,0,0,0,0,0,0,0,0,0,0,0,0,0,0,0,0,0,1,0,0,0,0,0,0,0,0,5
"313655 José Raydan",0,0,0,0,0,3,25,26,21,10,23,11,15,4,9,8,4,2,3,1,1,0,0,0,0,7,0,0,0,0,0,0,0,0,0,0,0,0,0,0,0,0,173
"313657 Josenópolis",0,0,0,0,0,0,0,0,0,0,0,0,0,0,0,0,0,0,0,0,0,0,0,0,0,0,0,0,0,0,0,0,0,0,0,0,0,0,0,0,0,0,0
"313665 Juatuba",1,11,3,12,7,8,10,15,23,12,34,29,23,29,31,29,15,21,22,10,8,2,1,0,0,0,2,0,1,0,1,0,1,0,1,1,2,0,1,0,0,0,366
"313670 Juiz de Fora",6,27,31,47,43,78,90,140,112,98,189,268,258,211,264,195,282,219,281,267,187,125,180,103,111,40,44,23,39,18,16,8,13,11,10,5,6,6,15,8,7,1,4082
"313680 Juramento",0,0,0,1,0,0,0,0,0,0,0,0,0,0,0,0,0,0,0,0,0,1,0,0,0,0,0,0,0,0,0,0,0,0,0,1,0,0,0,0,0,0,3
"313690 Juruaia",0,1,0,0,0,0,0,0,0,1,1,0,0,4,1,0,1,1,0,2,0,1,0,0,0,0,0,0,1,0,0,0,0,0,0,0,0,0,0,0,0,2,16
"313695 Juvenília",0,0,0,0,0,0,0,0,0,0,0,0,0,0,0,0,0,0,0,0,0,0,0,0,0,0,0,0,0,0,0,0,0,0,0,0,0,0,0,0,0,0,0
"313700 Ladainha",0,1,2,0,1,0,0,1,0,0,2,1,1,1,1,0,0,0,1,1,2,0,1,0,0,0,0,0,0,0,0,0,0,0,0,0,0,0,0,0,0,0,16
"313710 Lagamar",0,1,0,1,1,0,0,0,0,0,1,0,0,0,0,1,1,2,3,3,2,2,4,3,2,0,1,0,1,1,0,0,0,0,0,0,0,0,0,0,0,0,30
"313720 Lagoa da Prata",5,14,9,11,14,13,13,19,21,25,25,28,27,28,29,20,11,17,28,19,19,18,18,6,4,1,5,3,3,2,0,5,0,3,4,4,0,5,4,11,4,7,502
"313730 Lagoa dos Patos",0,0,0,0,0,0,0,0,1,0,0,1,0,0,0,0,2,2,2,1,0,0,0,0,0,0,0,0,0,2,0,0,0,0,1,0,0,0,0,1,0,0,13
"313740 Lagoa Dourada",0,0,0,0,0,0,0,1,0,1,0,0,0,0,1,0,0,0,0,0,0,0,0,0,0,0,0,0,0,0,0,0,0,0,0,0,0,0,0,0,0,0,3
"313750 Lagoa Formosa",0,0,1,2,3,2,13,3,5,3,0,1,4,8,3,1,4,6,3,0,0,1,0,0,1,1,0,0,0,2,3,0,0,0,0,0,0,0,1,1,0,0,72
"313753 Lagoa Grande",0,2,0,0,0,3,2,5,16,9,10,12,14,14,11,9,18,17,16,28,15,29,27,31,12,10,11,7,6,8,1,1,0,2,0,0,0,0,0,0,0,0,346
"313760 Lagoa Santa",11,12,12,22,12,12,23,21,33,24,35,44,31,18,16,10,17,7,19,10,8,5,5,11,8,3,3,2,1,1,7,4,0,0,1,4,2,0,3,1,2,1,461
"313770 Lajinha",0,0,2,13,0,0,0,5,4,0,0,2,3,6,6,0,0,0,0,0,1,1,0,3,0,0,0,0,0,0,0,0,0,0,0,0,0,0,0,0,0,0,46
"313780 Lambari",0,0,0,0,0,2,1,2,1,0,3,4,10,6,3,5,0,0,0,0,0,0,0,0,0,0,0,0,0,0,0,0,0,0,0,0,0,0,0,0,0,0,37
"313790 Lamim",0,0,0,0,0,0,0,1,0,0,1,0,0,0,0,0,0,0,0,0,0,0,0,0,0,0,0,0,0,0,0,0,0,0,0,0,1,1,0,0,0,0,4
"313800 Laranjal",0,0,2,1,1,1,2,0,7,0,1,0,4,1,0,0,0,0,0,0,0,0,0,0,0,0,0,0,0,0,0,0,0,0,0,0,0,0,0,0,0,0,20
"313810 Lassance",1,1,1,2,4,5,6,2,2,1,1,0,0,1,0,1,2,0,0,0,0,0,0,1,0,0,0,0,0,0,0,0,0,0,0,0,1,0,0,1,1,0,34
"313820 Lavras",3,9,9,5,8,12,19,15,13,15,6,7,9,27,18,16,34,27,49,33,15,15,11,3,6,2,2,3,1,0,0,0,0,0,1,0,0,3,1,1,0,1,399
"313830 Leandro Ferreira",0,2,0,0,0,2,0,2,1,0,0,0,0,4,1,0,1,0,1,2,0,1,0,0,0,1,1,1,0,0,0,1,0,0,0,0,0,0,0,0,0,0,21
"313835 Leme do Prado",0,0,0,0,1,0,0,1,0,11,0,0,0,1,0,0,0,0,1,1,0,0,0,0,0,0,0,0,0,0,0,0,0,0,0,0,0,0,0,0,0,0,16
"313840 Leopoldina",0,1,3,3,4,5,6,14,12,6,11,9,12,15,15,9,12,13,18,4,9,8,9,6,2,3,0,0,0,2,0,0,0,1,0,1,0,0,1,1,2,2,219
"313850 Liberdade",1,1,0,0,0,0,0,0,0,0,0,0,0,0,0,0,0,0,0,0,0,0,0,0,0,0,0,0,0,0,0,0,0,0,0,0,0,0,0,0,0,0,2
"313860 Lima Duarte",0,0,1,3,1,0,0,0,2,2,5,5,6,6,3,2,6,3,2,0,2,1,0,0,0,0,0,0,0,0,0,0,0,0,0,0,0,0,0,1,3,2,56
"313862 Limeira do Oeste",3,11,17,24,23,24,19,28,28,18,35,24,34,27,18,23,10,10,7,12,5,3,4,0,0,3,0,0,0,0,0,0,0,0,0,0,0,0,2,0,0,0,412
"313865 Lontra",0,0,1,3,1,0,0,1,5,0,1,5,1,1,0,0,1,2,1,1,1,3,4,5,2,0,0,1,0,0,0,0,0,0,0,0,0,0,0,0,0,0,40
"313867 Luisburgo",0,0,1,0,0,1,0,0,0,0,0,0,0,0,0,0,0,0,0,0,0,0,0,0,0,0,0,0,0,0,0,0,0,0,0,0,0,0,0,0,0,0,2
"313868 Luislândia",1,1,3,11,20,11,28,36,32,19,14,21,5,1,1,0,0,0,0,0,0,0,0,0,0,0,0,1,0,0,0,0,0,0,0,0,0,0,0,0,0,0,205
"313870 Luminárias",0,0,0,0,0,0,0,0,1,0,0,1,0,1,0,0,2,0,0,1,0,0,0,0,0,0,0,0,0,1,0,0,0,0,0,0,0,0,0,0,0,0,7
"313880 Luz",2,1,5,1,3,7,13,4,9,21,37,32,18,16,16,16,14,23,10,4,3,5,6,5,0,0,1,2,0,0,2,0,0,0,0,0,1,1,1,0,0,0,279
"313890 Machacalis",1,0,0,0,0,0,0,0,0,0,0,0,0,0,0,0,0,0,0,1,1,0,0,0,0,0,0,0,0,0,0,0,0,0,0,0,0,0,0,0,0,0,3
"313900 Machado",1,0,2,5,1,2,3,2,4,2,3,0,0,4,4,0,0,5,4,4,3,2,3,1,1,0,0,1,0,0,0,0,0,0,0,0,0,0,0,0,0,0,57
"313910 Madre de Deus de Minas",0,1,0,0,0,1,1,2,0,0,0,0,0,0,0,0,0,0,0,0,0,0,0,0,0,0,0,0,0,0,0,0,0,0,0,0,0,0,0,0,0,0,5
"313920 Malacacheta",0,0,0,0,3,3,4,0,3,0,1,1,1,1,0,0,2,1,0,0,0,0,0,0,0,0,0,0,0,0,0,0,0,0,0,0,0,0,0,0,0,0,20
"313925 Mamonas",0,0,2,2,2,2,1,3,4,0,1,0,1,0,0,0,1,0,0,0,0,1,0,0,0,0,0,0,0,0,0,0,0,0,0,0,0,1,1,0,1,0,23
"313930 Manga",1,1,1,0,0,4,2,0,0,0,0,0,0,2,3,0,1,0,1,0,0,0,1,0,0,0,0,0,0,0,0,0,0,0,0,0,1,0,3,2,0,0,23
"313940 Manhuaçu",0,2,0,0,0,0,1,3,2,1,3,2,0,1,4,1,2,0,0,0,0,0,0,0,0,0,0,0,1,0,0,2,0,0,1,0,2,1,1,0,5,2,37
"313950 Manhumirim",0,0,0,1,0,0,0,0,0,0,0,0,0,0,0,0,0,0,0,0,0,0,0,0,0,0,0,0,0,0,0,0,0,0,0,0,1,0,0,0,0,0,2
"313960 Mantena",0,0,0,0,1,0,0,0,0,0,0,0,0,0,0,0,0,0,0,0,0,0,0,0,0,0,0,0,0,0,0,0,1,0,0,1,0,0,0,0,0,0,3
"313980 Mar de Espanha",0,3,0,0,0,0,1,0,0,0,0,1,0,0,0,0,0,0,0,0,0,0,0,0,0,0,0,0,0,0,0,0,0,0,0,0,0,0,0,0,0,0,5
"313970 Maravilhas",0,0,0,0,0,0,0,0,0,2,3,5,7,7,5,5,4,0,1,2,1,2,2,0,0,0,0,0,1,0,0,0,0,0,0,0,0,0,0,0,0,0,47
"313990 Maria da Fé",0,0,0,0,3,0,0,2,0,0,3,1,1,2,2,2,0,5,2,3,0,0,0,0,0,0,0,0,0,0,0,0,0,0,0,0,0,0,0,0,0,0,26
"314000 Mariana",0,1,0,3,1,7,9,10,5,8,10,7,13,17,17,10,12,10,15,7,4,7,2,3,0,2,2,1,0,0,0,0,0,0,1,0,4,1,2,0,2,0,193
"314010 Marilac",0,0,3,3,4,3,0,3,1,3,9,5,3,3,0,0,1,0,0,0,0,0,0,0,0,0,0,0,0,0,0,0,0,0,0,0,0,0,0,0,0,2,43
"314015 Mário Campos",0,1,1,4,7,2,7,6,3,1,4,0,1,2,0,0,0,0,1,0,0,0,1,1,1,0,0,0,0,0,0,0,0,0,0,0,0,0,0,0,0,0,43
"314020 Maripá de Minas",7,13,31,10,21,28,26,28,36,21,34,23,20,27,11,2,8,0,0,6,3,0,4,0,0,0,0,0,0,0,0,1,0,0,0,0,0,0,0,0,0,0,360
"314030 Marliéria",0,0,0,0,1,1,0,0,1,1,3,0,1,1,0,1,0,0,0,0,0,1,0,0,0,0,0,0,0,0,0,0,0,0,0,0,0,0,0,0,0,0,11
"314040 Marmelópolis",0,0,0,0,0,0,0,0,0,0,0,0,0,0,0,0,0,0,0,0,0,0,0,0,0,0,0,0,0,0,0,0,0,0,0,0,0,0,0,0,0,0,0
"314050 Martinho Campos",0,1,1,4,2,3,0,2,6,1,5,12,4,5,8,7,4,5,3,3,4,3,5,2,2,0,2,5,0,1,1,0,2,0,3,1,6,5,3,0,2,0,123
"314053 Martins Soares",0,0,0,0,0,0,0,1,0,0,0,1,0,1,0,0,0,0,0,0,0,0,0,0,0,0,0,0,0,0,0,0,0,0,0,0,0,0,0,0,2,0,5
"314055 Mata Verde",0,0,0,0,0,0,0,0,0,0,1,0,1,1,0,0,0,0,0,0,0,0,0,0,0,0,0,0,0,0,0,0,0,0,0,0,0,0,0,0,0,0,3
"314060 Materlândia",0,0,1,4,0,1,1,2,0,0,0,1,0,0,0,0,0,0,0,0,1,0,0,0,0,0,0,0,0,0,0,0,0,0,0,0,0,0,0,0,0,0,11
"314070 Mateus Leme",1,0,6,0,8,6,3,1,5,2,3,2,4,4,5,2,3,4,8,2,3,2,1,2,1,0,0,0,0,0,0,0,0,0,0,0,1,0,1,0,1,0,81
"317150 Mathias Lobato",0,0,0,0,0,0,0,0,0,0,0,1,1,0,1,2,1,1,0,1,1,0,0,0,0,0,0,0,0,0,0,0,0,0,0,0,0,0,0,0,0,0,9
"314080 Matias Barbosa",0,3,11,11,19,17,25,25,34,20,37,51,50,32,50,26,30,14,26,9,13,3,4,1,1,4,6,3,1,0,0,0,0,0,0,0,2,1,1,1,2,0,533
"314085 Matias Cardoso",0,0,0,0,0,0,0,0,0,0,0,0,0,0,0,0,0,0,0,0,2,0,0,0,0,0,0,0,0,0,0,0,0,0,0,0,0,0,0,0,0,0,2
"314090 Matipó",0,0,0,0,3,10,6,5,2,8,9,6,4,2,2,1,1,2,1,1,2,0,1,0,1,0,0,0,0,1,1,0,0,0,0,0,0,0,0,0,0,0,69
"314100 Mato Verde",0,0,1,0,0,0,0,1,3,3,3,2,2,1,4,0,3,3,4,1,1,3,0,4,1,0,0,0,0,0,1,0,1,1,0,0,0,0,2,1,1,0,47
"314110 Matozinhos",0,3,3,3,2,2,10,1,10,2,3,1,2,7,2,0,4,3,4,3,3,1,1,2,1,1,0,1,1,1,0,0,0,1,0,0,0,0,0,6,1,1,86
"314120 Matutina",0,0,0,0,0,0,0,0,2,0,0,0,4,0,0,0,0,0,1,0,0,2,0,0,0,0,0,0,0,0,0,0,0,0,0,0,0,0,0,0,0,0,9
"314130 Medeiros",0,0,0,0,0,0,0,0,0,0,0,0,0,0,0,0,0,0,0,0,0,0,0,0,0,0,0,0,0,0,0,0,0,0,0,0,0,0,0,0,0,0,0
"314140 Medina",0,0,1,0,0,0,0,0,0,0,0,0,0,0,0,0,0,0,0,0,0,0,0,0,0,4,0,0,0,0,0,0,0,0,0,0,0,0,0,0,0,0,5
"314150 Mendes Pimentel",0,0,0,0,0,0,0,0,0,0,0,0,0,0,0,0,2,0,0,0,0,0,0,0,0,0,0,0,0,0,0,0,0,0,0,0,0,0,0,0,0,0,2
"314160 Mercês",0,0,0,0,0,0,0,0,1,0,1,0,1,3,4,5,6,2,6,0,2,1,1,0,0,0,0,0,0,0,0,0,0,0,0,0,0,0,0,0,0,2,35
"314170 Mesquita",0,0,0,0,0,0,0,0,0,0,0,0,0,0,0,0,0,0,0,0,0,0,0,0,0,0,0,0,0,0,0,0,0,1,0,0,1,0,1,0,0,0,3
"314180 Minas Novas",0,1,2,1,2,1,1,1,1,0,0,2,0,0,0,2,0,0,0,1,0,0,0,1,0,0,0,0,1,0,0,0,0,0,0,3,0,1,1,0,0,0,22
"314190 Minduri",0,0,0,0,0,0,0,1,0,0,0,1,0,0,0,0,0,0,0,0,0,0,0,0,0,0,0,0,0,0,0,0,0,0,0,0,0,0,0,0,0,0,2
"314200 Mirabela",0,0,1,0,0,0,0,1,0,0,0,1,1,0,1,0,0,0,0,0,1,1,0,0,0,0,0,0,0,0,0,0,0,0,0,0,1,0,4,0,1,0,13
"314210 Miradouro",0,0,22,40,22,20,26,34,13,4,5,5,2,7,8,6,7,9,11,5,1,3,0,0,0,0,0,0,0,0,0,0,0,0,0,0,0,0,0,0,0,0,250
"314220 Miraí",0,0,0,0,0,0,2,0,1,1,2,5,12,5,1,1,0,0,1,3,0,0,0,0,0,1,0,0,0,0,0,0,0,1,0,0,0,0,0,0,0,0,36
"314225 Miravânia",0,0,0,0,0,0,0,0,0,0,0,0,2,1,0,0,0,0,0,0,0,0,0,0,0,0,0,0,0,0,0,0,0,0,0,0,0,0,0,0,0,0,3
"314230 Moeda",0,0,0,0,0,0,0,2,0,1,1,0,1,1,0,0,0,0,0,0,0,0,0,0,0,0,0,0,0,0,0,0,0,1,0,0,0,0,1,0,0,0,8
"314240 Moema",0,0,0,0,0,0,0,0,0,0,0,0,0,0,0,0,0,0,0,0,0,0,1,1,0,0,0,0,0,0,0,0,0,0,2,0,1,0,1,0,1,0,7
"314250 Monjolos",0,0,0,0,1,0,1,0,0,0,0,0,0,0,0,0,0,0,0,0,0,0,0,0,0,1,1,0,0,0,0,0,0,0,0,0,0,0,0,0,0,0,4
"314260 Monsenhor Paulo",5,3,1,0,2,2,1,2,0,0,3,1,1,0,0,2,0,0,0,0,1,0,0,1,0,0,1,0,0,0,0,0,0,0,0,0,0,0,0,0,0,0,26
"314270 Montalvânia",0,0,0,0,1,3,0,2,3,0,0,0,0,0,0,0,0,0,0,0,0,0,0,0,0,0,0,1,0,0,0,0,2,0,0,0,0,0,1,0,0,0,13
"314280 Monte Alegre de Minas",0,0,0,0,0,1,2,0,0,0,0,1,0,1,0,1,0,1,4,1,1,1,3,0,0,2,2,1,0,0,1,0,1,1,2,2,0,0,0,0,0,0,29
"314290 Monte Azul",0,4,2,4,5,4,5,3,5,1,1,5,6,6,7,3,2,1,3,2,0,0,0,1,0,0,0,1,0,2,2,0,0,0,0,0,0,0,0,0,0,0,75
"314300 Monte Belo",0,0,0,0,0,1,0,2,1,0,1,2,0,1,1,1,1,1,2,1,1,0,1,0,0,0,0,0,0,0,0,0,0,0,0,0,0,0,0,2,7,2,28
"314310 Monte Carmelo",0,0,0,1,1,10,2,6,13,19,23,17,28,18,27,18,26,46,52,71,66,28,51,46,18,9,7,7,4,6,8,2,2,1,0,0,0,0,0,0,0,0,633
"314315 Monte Formoso",0,0,0,0,0,0,0,0,0,0,0,0,0,0,0,0,0,0,0,0,0,0,0,0,0,0,0,0,0,0,0,0,0,0,0,0,0,0,0,0,0,0,0
"314320 Monte Santo de Minas",0,0,0,1,4,8,9,3,17,19,8,19,20,11,30,23,18,27,13,10,9,3,2,0,1,0,0,0,1,0,0,0,0,0,0,0,0,3,2,1,4,3,269
"314340 Monte Sião",0,1,3,5,3,0,0,2,4,5,6,5,5,7,3,7,4,3,4,0,1,1,2,0,0,0,0,0,0,0,0,0,0,0,0,0,0,0,0,0,0,0,71
"314330 Montes Claros",11,4,11,17,13,12,14,19,9,8,19,18,14,15,7,10,12,8,10,13,10,7,10,8,6,9,3,10,10,9,5,7,13,18,12,48,38,30,34,24,30,17,602
"314345 Montezuma",0,0,0,0,0,0,0,0,0,0,0,0,0,0,0,0,0,0,0,0,0,0,0,0,0,0,0,0,0,0,0,0,0,0,0,0,0,0,0,0,0,0,0
"314350 Morada Nova de Minas",0,0,0,0,0,1,0,0,1,0,0,0,3,0,0,0,1,0,0,0,0,0,1,0,0,0,0,0,0,0,0,0,0,0,0,0,0,0,0,0,0,0,7
"314360 Morro da Garça",0,0,0,0,0,0,0,0,0,0,0,1,0,0,0,0,1,0,0,0,0,0,0,0,0,0,0,0,0,0,0,0,0,0,0,0,0,0,0,0,0,0,2
"314370 Morro do Pilar",0,0,1,0,0,0,0,1,1,1,3,1,2,1,1,12,14,9,22,10,3,34,0,0,0,0,0,0,0,0,0,0,0,0,0,1,0,1,0,0,0,0,118
"314380 Munhoz",0,0,0,0,0,0,0,0,0,0,1,0,0,0,0,1,0,0,0,0,0,0,1,0,0,0,0,0,0,0,0,0,0,0,0,0,0,0,0,0,0,0,3
"314390 Muriaé",25,36,52,85,92,125,171,187,134,39,61,53,74,50,49,38,42,41,48,22,22,22,13,11,3,10,8,2,0,1,5,2,3,3,3,5,4,12,11,11,7,0,1582
"314400 Mutum",0,0,0,0,0,0,0,1,0,0,0,0,0,0,0,2,1,0,0,0,0,0,0,0,0,1,0,0,0,0,0,0,0,0,0,0,0,0,0,0,0,0,5
"314410 Muzambinho",0,0,0,0,1,0,2,1,1,4,3,3,5,3,6,0,6,3,5,2,7,3,0,1,3,0,1,0,0,0,0,0,0,0,0,0,1,0,0,0,0,0,61
"314420 Nacip Raydan",0,0,0,0,0,0,0,0,1,0,0,0,9,24,19,1,1,0,0,0,0,0,0,0,0,0,0,0,0,0,0,0,0,0,0,0,0,0,0,1,0,0,56
"314430 Nanuque",1,0,2,1,2,2,0,4,3,2,2,1,2,0,5,1,4,0,0,3,1,0,0,0,0,2,1,0,0,0,0,0,0,0,0,0,0,0,0,0,0,0,39
"314435 Naque",0,0,2,3,2,0,2,8,13,8,7,4,2,1,1,1,5,6,0,1,3,7,3,1,1,0,0,0,1,1,0,0,0,0,0,0,0,0,0,1,0,0,84
"314437 Natalândia",0,2,1,5,0,0,0,1,0,0,0,1,1,0,0,0,1,0,1,1,0,0,0,0,0,0,0,0,0,0,0,0,0,0,0,0,0,0,0,0,0,0,14
"314440 Natércia",0,0,1,1,0,0,0,0,0,0,0,1,0,0,0,0,0,0,0,0,1,0,0,1,0,0,0,0,0,0,0,1,0,0,0,0,0,0,0,0,0,0,6
"314450 Nazareno",0,0,0,0,0,0,0,0,0,0,0,0,0,0,0,0,0,0,0,0,1,0,0,0,0,0,0,0,0,0,0,0,0,0,0,0,0,0,0,0,0,0,1
"314460 Nepomuceno",1,3,0,2,4,1,5,2,3,1,6,4,1,0,2,3,3,2,2,3,3,1,2,1,0,1,1,0,0,0,0,0,0,0,0,1,1,0,3,10,0,0,72
"314465 Ninheira",0,0,3,8,0,8,7,3,2,0,0,0,0,0,0,0,0,0,0,0,0,0,0,0,0,0,0,0,0,0,0,0,0,0,0,0,0,0,0,0,0,0,31
"314467 Nova Belém",0,0,0,0,0,0,0,0,0,0,0,0,0,0,0,0,0,0,0,0,0,0,1,2,0,0,0,0,0,0,0,0,0,0,0,0,0,0,0,0,0,0,3
"314470 Nova Era",0,0,0,0,0,0,0,0,0,0,0,0,0,0,0,0,0,0,0,0,0,0,0,0,0,0,0,0,0,1,0,0,0,0,0,0,0,0,0,0,0,0,1
"314480 Nova Lima",6,17,16,15,28,22,16,20,26,10,29,40,26,43,40,50,46,48,31,26,15,16,20,12,10,9,8,5,7,6,3,10,2,1,5,6,16,18,27,18,13,7,789
"314490 Nova Módica",0,0,1,0,0,0,1,5,4,3,4,2,6,5,2,0,0,0,0,0,0,0,0,0,0,0,0,0,0,0,0,0,0,0,0,0,0,0,0,0,1,0,34
"314500 Nova Ponte",1,1,5,10,6,5,7,20,9,3,16,1,0,5,13,10,0,2,3,8,8,5,2,4,1,5,0,0,0,1,0,0,0,0,0,0,0,0,0,0,0,0,151
"314505 Nova Porteirinha",0,1,1,0,0,0,0,0,0,0,0,0,0,0,0,0,0,1,0,0,0,1,2,3,0,1,0,0,0,0,0,0,0,0,0,0,0,0,0,0,0,0,10
"314510 Nova Resende",2,0,3,0,1,0,3,4,0,3,3,0,1,2,3,0,7,3,3,2,0,0,2,0,1,0,0,0,0,0,0,0,0,0,0,0,0,0,0,0,0,0,43
"314520 Nova Serrana",2,8,15,16,6,54,57,117,100,48,63,96,149,109,104,55,57,37,75,73,68,80,47,57,47,38,4,19,9,16,7,6,20,8,6,9,17,19,14,12,9,13,1766
"313660 Nova União",0,0,0,0,2,0,3,4,0,3,3,1,3,4,3,0,2,0,1,0,0,0,0,0,0,0,0,0,0,0,0,0,0,0,0,0,0,0,0,0,0,0,29
"314530 Novo Cruzeiro",0,0,0,0,0,0,0,0,1,1,2,0,1,2,0,1,0,0,0,0,0,0,0,0,0,0,2,0,0,0,0,0,0,0,0,0,0,2,2,2,4,0,20
"314535 Novo Oriente de Minas",0,0,0,0,0,0,0,0,0,0,0,0,1,0,0,0,0,0,0,0,0,0,0,0,0,0,0,0,0,0,0,0,0,0,0,0,0,0,0,0,0,0,1
"314537 Novorizonte",1,3,2,5,3,3,1,3,0,0,1,2,2,1,1,3,3,1,0,0,0,0,0,0,0,0,0,0,0,0,0,0,0,0,0,0,0,0,0,0,0,0,35
"314540 Olaria",0,0,0,0,0,0,0,0,0,0,0,0,0,0,0,0,0,0,1,1,0,0,0,0,0,0,0,0,0,0,0,0,0,0,0,0,0,0,0,0,0,0,2
"314545 Olhos-d'Água",0,0,0,1,0,0,0,0,0,0,0,0,0,0,0,0,0,0,0,0,0,0,0,0,0,0,0,0,0,0,0,0,0,0,0,0,0,0,0,0,0,0,1
"314550 Olímpio Noronha",0,0,0,0,0,0,0,1,0,0,0,0,0,1,0,0,0,0,0,0,0,0,0,0,0,0,0,0,0,0,0,0,0,0,0,0,0,0,0,0,0,0,2
"314560 Oliveira",1,1,0,1,0,4,4,1,7,1,1,4,14,4,4,3,4,1,1,5,4,0,0,1,0,1,1,0,0,0,0,0,1,0,0,0,0,0,0,0,1,0,70
"314570 Oliveira Fortes",0,0,1,0,0,2,0,0,0,0,1,0,1,0,0,2,0,0,0,1,0,0,1,1,0,0,0,0,0,0,0,0,0,0,0,0,0,0,0,0,0,0,10
"314580 Onça de Pitangui",0,0,0,0,0,0,0,0,1,0,1,0,0,0,0,2,0,0,0,0,0,0,0,0,0,0,0,0,0,0,0,0,0,0,0,0,0,0,0,0,0,0,4
"314585 Oratórios",0,0,0,0,0,0,5,1,0,0,3,2,0,0,0,2,0,0,0,0,0,0,0,0,0,0,0,0,0,0,0,0,0,0,0,0,0,0,0,0,0,0,13
"314587 Orizânia",0,0,0,0,0,0,3,0,0,0,0,0,0,2,1,1,1,2,0,0,0,0,0,0,0,0,0,0,0,0,0,0,0,0,0,0,0,0,0,0,0,0,10
"314590 Ouro Branco",11,14,19,14,16,25,22,19,2,7,9,13,14,13,19,29,26,20,15,13,11,9,2,4,7,4,3,1,1,2,1,2,2,1,1,6,6,5,12,23,17,6,446
"314600 Ouro Fino",0,1,4,0,0,2,3,3,8,10,4,10,12,7,0,0,4,9,3,2,0,0,0,3,1,0,0,0,0,0,0,0,0,0,1,0,0,0,1,2,0,0,90
"314610 Ouro Preto",0,8,4,0,4,2,4,7,2,2,1,1,1,1,1,1,1,0,0,0,1,0,0,0,0,0,0,0,0,0,0,0,0,0,0,0,1,0,1,0,0,0,43
"314620 Ouro Verde de Minas",0,0,2,0,0,1,0,1,0,1,0,1,1,1,0,0,0,0,0,0,2,0,2,0,0,0,0,0,0,1,0,0,0,0,0,0,0,0,0,0,0,0,13
"314625 Padre Carvalho",0,0,1,1,3,2,4,1,1,0,0,0,0,0,1,0,0,0,0,0,0,0,0,0,0,0,0,0,0,0,0,0,0,0,0,0,0,0,0,0,0,0,14
"314630 Padre Paraíso",0,0,2,4,0,0,0,3,2,1,2,0,4,2,2,2,2,2,1,1,2,2,3,1,0,0,0,1,0,1,2,0,0,0,1,1,0,0,0,0,0,0,44
"314655 Pai Pedro",1,9,4,13,20,7,12,7,14,4,7,7,2,1,0,0,1,0,0,0,1,1,0,1,2,0,0,0,0,2,1,0,0,1,0,0,0,1,1,0,0,0,120
"314640 Paineiras",0,2,2,0,1,0,0,0,0,0,0,0,0,2,1,0,2,0,2,1,1,1,2,2,0,0,0,0,0,0,0,0,0,0,0,0,0,0,0,0,0,0,19
"314650 Pains",0,2,5,7,14,9,20,18,3,5,7,4,1,2,3,1,2,6,5,6,2,2,1,4,1,1,0,0,0,0,0,0,2,1,0,1,1,0,3,3,3,0,145
"314660 Paiva",0,2,2,2,1,2,0,0,0,0,2,3,3,2,1,1,1,0,0,0,2,0,2,1,0,0,0,0,0,0,0,0,0,0,0,1,1,0,0,0,0,0,29
"314670 Palma",0,0,0,0,5,5,4,6,2,0,1,1,3,0,2,1,1,0,1,2,2,6,0,0,3,0,3,1,0,0,0,2,1,1,2,0,0,3,2,5,1,2,68
"314675 Palmópolis",0,0,0,0,0,0,0,0,3,0,1,0,0,0,0,0,0,0,1,0,0,0,0,0,0,0,0,0,0,0,0,0,0,0,0,0,0,0,0,0,1,1,7
"314690 Papagaios",1,0,0,1,0,0,1,1,2,0,1,3,6,18,9,14,12,17,16,6,17,5,5,5,4,0,1,0,0,0,0,1,0,0,0,0,0,0,0,1,0,0,147
"314710 Pará de Minas",3,3,1,3,0,4,3,2,0,1,3,5,1,7,8,7,6,4,4,2,3,2,2,3,2,1,1,1,2,1,0,0,1,0,1,2,2,2,2,5,20,8,128
"314700 Paracatu",0,1,3,5,2,2,6,7,6,2,10,5,4,6,6,3,4,2,4,3,3,2,3,1,1,0,2,1,0,2,3,2,0,1,1,0,0,1,4,1,0,0,109
"314720 Paraguaçu",0,0,1,0,0,0,1,0,0,2,2,0,2,0,2,3,2,6,2,5,1,1,3,2,2,3,1,3,0,1,1,0,0,0,0,0,1,0,0,1,0,0,48
"314730 Paraisópolis",0,0,0,0,0,0,0,3,1,2,3,0,0,0,0,0,0,0,0,0,0,0,0,0,0,0,0,0,0,0,0,0,0,0,0,0,0,0,0,0,0,0,9
"314740 Paraopeba",0,0,0,0,1,0,2,1,1,1,0,1,0,0,0,0,0,0,0,0,1,0,1,0,0,0,0,0,0,0,0,0,0,0,0,0,0,0,1,0,1,0,11
"314760 Passa Quatro",0,2,0,0,1,0,0,0,0,0,0,2,2,4,6,9,9,20,7,1,4,4,2,0,1,0,0,0,0,0,0,0,0,0,1,0,0,0,0,0,0,0,75
"314770 Passa Tempo",0,0,0,0,1,0,0,1,0,0,1,0,0,0,1,0,0,0,0,0,0,0,0,0,0,0,0,0,0,0,0,0,1,0,0,0,0,0,0,0,0,0,5
"314780 Passa Vinte",0,0,0,0,0,0,0,0,0,0,1,0,1,0,1,0,1,1,1,1,2,0,0,0,1,0,0,1,0,1,1,0,0,1,0,0,0,0,0,0,0,0,14
"314750 Passabém",0,0,1,0,0,0,0,0,0,0,0,0,0,0,0,0,0,0,1,3,2,0,0,0,0,0,0,0,0,0,0,0,0,0,0,0,0,0,0,0,0,0,7
"314790 Passos",17,49,66,59,80,41,64,63,56,54,74,42,66,47,58,30,60,45,54,26,19,31,15,24,14,21,12,14,15,8,5,3,11,6,10,16,5,15,13,25,35,22,1390
"314795 Patis",0,0,0,0,1,0,0,1,1,0,1,3,0,1,3,1,0,0,0,0,0,0,0,0,0,0,0,0,0,0,0,0,0,0,0,0,0,0,0,0,0,0,12
"314800 Patos de Minas",9,35,44,43,61,35,64,61,120,43,68,97,52,61,72,64,59,64,72,84,64,74,11,8,17,7,4,2,20,4,3,6,2,8,7,3,19,21,26,30,18,16,1578
"314810 Patrocínio",2,8,33,76,97,88,100,124,156,100,150,105,111,114,49,60,68,79,82,58,26,21,18,10,7,4,4,3,1,0,0,1,0,1,0,0,2,3,2,2,4,1,1770
"314820 Patrocínio do Muriaé",0,0,3,3,1,3,2,4,12,4,14,13,15,17,16,8,35,61,82,46,30,11,9,3,0,1,0,0,0,0,0,0,0,0,0,0,0,0,0,0,0,0,393
"314830 Paula Cândido",0,0,0,0,1,2,8,4,2,2,0,0,0,4,2,2,2,0,2,1,4,2,0,0,0,0,1,0,0,0,0,0,0,0,0,1,1,1,1,0,1,0,44
"314840 Paulistas",0,0,0,1,0,0,0,0,0,0,0,0,0,0,0,0,0,0,0,0,0,0,0,0,0,0,0,0,0,0,0,0,0,0,0,0,0,0,0,0,0,0,1
"314850 Pavão",0,0,0,0,0,0,0,0,0,0,0,1,0,1,1,1,0,0,0,0,1,0,0,0,0,0,0,0,0,0,1,0,0,0,1,0,0,0,0,0,0,0,7
"314860 Peçanha",0,0,0,1,1,2,4,1,6,3,11,14,8,5,1,6,2,0,2,2,3,2,4,0,0,0,0,0,0,0,0,0,0,0,0,0,0,0,1,4,0,0,83
"314870 Pedra Azul",0,0,0,0,0,0,0,0,4,0,1,0,1,0,2,0,0,0,1,0,2,0,0,0,1,0,0,0,0,0,0,2,0,0,0,0,0,0,0,0,0,0,14
"314875 Pedra Bonita",0,0,0,0,0,0,0,0,0,0,0,0,0,0,3,0,1,0,0,0,0,0,0,0,0,0,0,0,0,0,0,0,0,0,0,0,0,0,0,0,0,0,4
"314880 Pedra do Anta",0,0,0,0,1,1,2,0,0,2,9,1,3,2,0,9,0,0,1,2,1,0,0,0,0,0,0,0,0,0,0,0,0,0,0,0,0,0,0,0,0,0,34
"314890 Pedra do Indaiá",0,0,0,0,0,0,0,0,0,1,0,1,0,0,1,2,0,0,1,0,0,0,0,0,0,0,0,0,0,0,0,0,0,0,0,0,0,1,0,0,0,0,7
"314900 Pedra Dourada",0,0,0,1,0,2,0,0,2,0,1,1,3,1,1,0,0,0,0,0,1,0,0,0,0,0,0,0,0,0,0,0,0,0,0,0,0,0,0,0,0,0,13
"314910 Pedralva",0,2,1,0,0,0,0,0,2,1,1,0,1,0,0,1,3,1,0,2,2,0,0,0,0,0,0,0,0,0,0,0,0,0,0,0,0,0,0,0,0,0,17
"314915 Pedras de Maria da Cruz",0,1,1,1,1,0,1,0,2,0,0,0,0,0,0,0,0,0,0,0,0,0,0,0,0,0,0,0,0,0,0,0,0,0,0,0,0,0,0,0,0,0,7
"314920 Pedrinópolis",0,0,0,0,2,0,2,3,0,0,1,2,1,0,0,0,0,1,0,0,0,2,0,0,0,0,0,0,0,0,0,0,0,0,0,0,0,0,0,0,0,0,14
"314930 Pedro Leopoldo",6,2,6,5,18,4,7,4,0,5,6,5,7,6,4,3,3,8,2,2,2,1,1,2,1,0,0,1,0,1,0,0,0,1,0,1,0,0,1,0,2,4,121
"314940 Pedro Teixeira",0,0,0,0,0,1,1,0,1,0,0,0,0,1,1,0,0,2,0,1,0,0,0,0,0,0,0,0,0,0,0,0,0,0,0,0,0,0,0,0,0,0,8
"314950 Pequeri",0,2,4,0,0,2,0,0,0,0,0,0,1,1,1,0,1,2,0,0,0,0,0,0,0,0,0,0,0,0,0,0,0,0,0,1,0,0,0,0,0,0,15
"314960 Pequi",0,1,0,0,0,0,1,1,1,0,0,0,1,0,2,0,2,0,1,0,0,0,0,0,0,0,0,0,0,0,0,0,0,0,0,0,0,0,0,0,0,0,10
"314970 Perdigão",1,1,0,0,15,7,3,6,6,6,6,5,1,6,1,5,3,2,0,0,0,0,2,0,0,0,0,0,0,0,0,0,0,1,0,0,0,1,0,0,0,0,78
"314980 Perdizes",0,0,0,0,0,5,4,0,1,5,2,8,3,11,9,10,8,12,20,6,18,8,7,5,0,3,0,1,2,0,0,0,0,0,1,0,0,0,0,0,0,2,151
"314990 Perdões",0,0,3,1,0,1,0,2,1,2,0,2,1,1,3,5,6,2,3,3,1,3,1,1,0,0,0,1,0,0,1,0,0,0,0,0,0,0,0,0,0,0,44
"314995 Periquito",0,0,0,0,0,0,0,0,0,0,0,0,0,0,0,0,0,0,0,0,0,0,0,0,0,1,0,0,0,0,0,0,0,0,0,0,0,1,0,1,0,0,3
"315000 Pescador",0,0,0,0,0,0,0,0,0,1,2,0,0,0,0,0,0,0,0,0,0,0,0,0,0,0,0,0,0,0,0,0,0,0,0,0,0,0,0,0,0,0,3
"315010 Piau",1,3,1,4,0,4,3,1,3,2,3,1,5,2,3,2,0,3,1,0,1,1,0,0,0,0,0,0,0,0,0,0,0,0,0,0,1,0,0,0,0,0,45
"315015 Piedade de Caratinga",0,0,0,6,1,0,0,0,2,0,0,1,1,1,0,0,0,0,0,0,0,0,0,0,0,0,0,0,0,0,0,0,0,0,0,0,0,0,0,0,0,0,12
"315020 Piedade de Ponte Nova",0,1,0,1,1,4,0,0,0,1,1,1,1,2,0,0,0,1,0,1,0,1,1,0,0,0,0,0,0,0,0,0,0,0,0,0,0,0,0,0,0,0,17
"315030 Piedade do Rio Grande",0,0,0,0,2,0,2,3,0,0,0,0,0,1,0,0,0,0,0,0,0,0,0,0,0,0,0,0,0,0,0,0,0,0,0,0,0,0,1,0,0,0,9
"315040 Piedade dos Gerais",0,0,0,0,1,2,3,1,1,1,0,2,3,0,0,0,1,0,0,0,0,0,0,0,0,1,0,0,0,0,0,0,0,0,0,0,0,0,0,0,0,0,16
"315050 Pimenta",0,0,1,0,4,1,3,2,0,0,1,1,0,0,1,0,0,0,0,2,0,0,0,0,0,0,0,0,0,0,0,0,0,0,0,0,0,0,0,0,0,0,16
"315053 Pingo d'Água",0,1,2,0,0,0,0,0,2,0,0,1,2,0,0,0,1,0,0,0,0,0,0,0,0,0,0,1,0,0,0,0,0,0,0,1,0,0,0,0,0,0,11
"315057 Pintópolis",0,0,0,0,0,0,0,0,0,0,0,0,0,0,0,0,0,0,0,0,0,0,0,0,0,0,0,0,0,0,0,0,0,0,0,0,0,0,0,0,0,0,0
"315060 Piracema",0,0,0,0,1,2,0,1,5,1,1,6,1,3,0,1,3,0,4,8,1,4,0,0,0,0,0,1,0,0,0,0,0,0,1,1,0,0,0,0,0,0,45
"315070 Pirajuba",0,0,1,3,1,4,10,15,13,16,40,31,29,23,26,17,12,5,17,10,7,6,7,5,2,1,0,2,4,2,1,0,0,0,2,3,0,2,0,0,0,1,318
"315080 Piranga",0,0,0,0,0,0,0,0,0,2,2,0,3,5,5,4,7,1,4,4,0,0,0,0,0,0,0,0,0,0,0,0,0,0,0,0,0,0,0,0,0,0,37
"315090 Piranguçu",0,0,0,0,0,0,0,0,0,0,0,0,0,0,0,0,0,0,0,0,0,0,0,0,0,0,0,0,0,0,0,0,0,0,0,0,0,0,0,0,0,0,0
"315100 Piranguinho",0,0,0,0,1,1,3,3,1,0,0,0,0,0,0,0,0,1,2,4,1,4,2,0,1,0,1,0,0,0,0,0,0,0,0,0,0,0,0,0,0,0,25
"315110 Pirapetinga",0,0,0,0,0,0,1,0,0,0,0,0,0,1,0,1,0,0,0,0,0,0,0,0,0,0,0,0,0,0,0,0,0,0,0,0,0,0,0,0,0,0,3
"315120 Pirapora",1,1,1,1,3,5,1,0,0,1,2,1,2,4,0,2,2,0,0,1,0,0,2,0,0,0,1,0,0,0,0,0,0,0,0,0,0,0,1,0,1,1,34
"315130 Piraúba",0,8,11,45,47,43,37,38,18,6,19,11,17,10,8,0,5,2,6,4,2,2,0,1,1,1,0,0,0,0,0,0,1,0,0,0,0,1,0,0,0,0,344
"315140 Pitangui",1,5,4,2,3,2,5,5,6,4,4,8,0,4,5,6,4,8,9,2,0,0,2,1,2,0,1,0,1,1,4,0,3,2,5,1,0,10,6,3,6,6,141
"315150 Piuí",0,3,1,3,2,4,2,2,1,1,4,2,3,1,0,2,2,2,1,3,2,1,1,1,1,2,0,0,0,1,1,0,0,2,0,0,2,1,1,1,0,0,56
"315160 Planura",9,14,16,32,14,39,38,59,83,69,122,101,81,97,120,82,48,32,59,48,44,25,6,22,14,2,18,28,14,21,5,0,1,2,4,5,4,1,5,5,4,0,1393
"315170 Poço Fundo",0,1,0,0,0,0,2,0,3,7,10,26,9,23,36,23,20,12,25,19,6,6,4,1,2,0,0,0,0,1,0,0,0,0,0,0,0,0,0,0,1,0,237
"315180 Poços de Caldas",0,0,2,0,6,10,3,13,18,28,27,36,30,33,13,19,21,29,7,5,3,3,2,1,1,0,0,1,0,1,1,0,1,1,3,1,3,0,2,3,0,2,329
"315190 Pocrane",0,0,0,0,0,0,0,0,1,0,1,0,0,0,0,0,0,0,0,0,0,0,0,0,0,0,0,0,0,0,0,0,0,0,0,0,0,0,0,0,0,0,2
"315200 Pompéu",0,2,2,1,0,2,3,2,0,1,5,2,2,4,0,2,1,6,3,1,0,3,0,1,1,1,1,0,1,1,0,0,0,0,0,0,0,0,0,0,0,0,48
"315210 Ponte Nova",31,57,69,78,97,122,160,171,163,146,236,160,200,181,155,105,115,112,84,76,60,34,32,22,8,12,7,6,2,2,5,5,2,6,0,4,6,8,7,3,17,6,2772
"315213 Ponto Chique",1,0,0,3,0,0,0,0,0,0,1,0,1,0,0,0,0,0,0,0,0,0,0,0,0,0,0,0,1,0,0,0,0,0,1,0,0,0,0,0,0,0,8
"315217 Ponto dos Volantes",0,0,0,0,0,0,0,0,0,0,0,0,0,1,0,0,1,0,1,0,1,0,0,0,0,0,0,0,0,0,0,0,0,0,0,0,0,0,0,0,0,0,4
"315220 Porteirinha",0,1,1,0,3,4,2,2,3,3,2,2,3,0,2,0,3,1,0,1,1,3,1,0,0,1,0,0,1,0,1,1,0,0,3,2,0,1,1,0,0,0,49
"315230 Porto Firme",0,0,0,1,0,2,5,11,10,30,49,55,86,101,74,39,60,34,30,54,27,23,13,15,3,4,7,1,0,4,2,1,0,0,2,4,2,8,15,10,10,0,792
"315240 Poté",0,1,0,1,0,0,1,0,3,0,0,2,2,3,1,0,5,7,9,5,4,9,6,12,3,2,0,1,2,0,3,0,0,0,0,2,0,0,0,0,0,0,84
"315250 Pouso Alegre",0,5,2,4,3,5,16,46,51,68,78,92,126,102,115,127,133,105,97,84,56,71,107,72,14,3,5,2,0,0,3,1,1,0,2,12,3,1,4,10,11,0,1637
"315260 Pouso Alto",0,1,1,0,0,0,0,0,0,0,4,0,1,0,0,0,2,0,1,5,0,4,1,0,0,0,0,1,0,0,0,0,0,0,0,0,0,0,0,0,0,0,21
"315270 Prados",0,0,0,1,1,1,0,0,0,0,1,0,0,0,0,0,0,0,0,0,0,0,0,0,0,1,0,0,0,0,0,0,0,0,0,0,0,0,0,0,0,0,5
"315280 Prata",0,13,24,10,100,32,28,28,25,1,3,7,29,18,16,28,33,43,55,95,77,82,71,57,33,15,21,1,22,5,2,1,6,1,4,13,2,3,3,2,5,0,1014
"315290 Pratápolis",0,0,2,3,4,7,5,10,4,3,0,4,2,3,2,4,3,3,3,1,0,1,1,0,0,0,0,0,0,0,0,0,0,1,0,0,0,1,0,0,0,0,67
"315300 Pratinha",0,0,0,0,0,1,0,0,0,0,0,0,0,0,0,0,0,1,0,0,0,0,1,0,0,0,0,0,0,0,0,0,0,0,0,0,0,0,0,1,0,0,4
"315310 Presidente Bernardes",0,0,0,0,0,0,0,0,0,1,1,0,0,1,0,1,1,3,3,3,0,2,0,0,0,0,0,1,0,0,1,0,0,0,0,0,0,0,0,0,0,0,18
"315320 Presidente Juscelino",0,0,0,1,0,0,0,0,0,0,0,0,0,0,0,0,0,0,0,0,0,0,0,0,0,0,0,0,0,0,0,0,0,0,0,0,0,0,0,0,0,0,1
"315330 Presidente Kubitschek",0,0,0,1,0,0,0,1,0,0,0,0,0,0,1,1,0,0,0,0,0,0,0,0,0,0,0,0,0,0,0,0,0,0,0,0,0,0,0,0,0,0,4
"315340 Presidente Olegário",0,0,0,0,3,1,2,4,0,0,0,1,3,0,0,0,0,0,1,1,1,0,0,2,1,0,0,0,0,0,0,0,0,0,0,0,0,0,0,0,1,0,21
"315360 Prudente de Morais",1,0,0,0,1,0,0,0,1,1,1,10,10,4,2,2,2,6,2,8,1,4,2,0,1,2,1,1,1,3,1,0,0,0,0,0,2,1,1,0,0,0,72
"315370 Quartel Geral",0,0,0,0,5,0,3,4,7,5,4,2,2,4,4,3,3,2,3,1,0,1,0,0,0,0,0,0,0,0,0,0,0,0,0,0,0,0,0,0,0,0,53
"315380 Queluzita",0,0,0,0,0,0,0,0,0,0,0,0,1,0,0,0,0,0,0,0,0,0,0,0,0,0,0,0,0,0,0,0,0,0,0,0,0,0,0,0,0,0,1
"315390 Raposos",2,1,2,6,1,2,2,9,14,12,14,10,11,12,15,7,8,16,14,2,0,2,2,1,0,1,2,0,0,1,0,0,0,0,0,0,0,0,0,0,0,0,169
"315400 Raul Soares",1,2,2,1,4,1,8,7,4,6,6,4,3,5,2,0,7,7,8,18,18,16,6,5,5,0,3,5,0,0,2,1,1,0,2,2,1,0,2,1,2,1,169
"315410 Recreio",0,0,0,0,0,0,0,1,5,0,0,4,21,31,30,14,4,1,0,0,0,0,0,0,0,0,0,0,0,0,0,0,0,0,0,0,0,0,0,1,0,0,112
"315415 Reduto",0,0,0,0,0,0,0,0,0,0,0,0,0,2,2,0,1,0,0,0,0,0,0,0,0,0,0,0,0,0,0,0,0,0,0,0,0,1,3,2,1,0,12
"315420 Resende Costa",0,1,0,0,0,0,0,0,0,0,0,1,0,0,0,0,0,0,0,0,0,0,0,0,0,0,0,0,0,0,0,0,0,0,0,0,0,0,0,0,0,0,2
"315430 Resplendor",0,0,0,0,0,0,1,1,0,1,0,2,2,3,1,0,0,1,3,0,1,1,0,0,1,2,0,0,0,0,0,1,0,1,0,0,0,0,0,0,0,1,23
"315440 Ressaquinha",0,0,0,0,0,0,0,0,0,0,0,0,1,0,0,0,1,0,0,0,0,0,0,0,0,0,0,0,0,0,0,0,0,0,0,0,0,0,0,0,0,0,2
"315445 Riachinho",0,0,0,1,0,0,0,2,1,0,0,2,1,0,1,1,0,2,0,0,0,0,0,0,0,0,0,0,0,0,0,0,0,0,0,1,1,0,0,0,0,0,13
"315450 Riacho dos Machados",1,1,2,14,9,4,10,8,4,1,1,0,6,2,0,0,3,2,0,4,1,0,1,0,0,0,0,0,0,0,0,0,0,0,0,0,0,0,0,0,0,0,74
"315460 Ribeirão das Neves",2,4,5,6,7,10,8,14,5,9,10,15,8,7,7,6,7,4,5,3,6,1,1,4,13,39,31,17,35,21,23,29,20,17,22,33,47,55,41,36,34,35,702
"315470 Ribeirão Vermelho",0,0,3,2,5,7,17,12,26,18,7,21,15,6,3,5,14,3,3,3,0,0,0,0,0,0,0,0,0,0,0,0,0,0,0,0,0,0,0,0,0,0,170
"315480 Rio Acima",0,5,4,2,7,3,2,3,3,2,1,2,2,2,2,3,1,7,3,2,3,5,2,5,0,1,1,2,0,1,0,1,0,0,0,0,2,8,2,2,2,0,93
"315490 Rio Casca",0,1,8,15,7,12,19,58,26,21,36,40,34,19,30,12,13,21,16,9,7,5,5,2,5,2,1,0,1,0,0,0,0,0,0,0,0,0,0,0,0,1,426
"315510 Rio do Prado",0,0,0,1,0,0,0,0,0,0,0,0,0,0,0,0,0,0,0,0,0,0,0,0,0,0,0,0,0,0,0,0,0,0,0,0,0,0,0,0,0,0,1
"315500 Rio Doce",0,0,0,2,4,7,8,6,4,3,19,21,4,1,12,0,10,7,4,2,5,3,0,0,0,0,0,0,0,0,0,0,0,0,0,0,0,0,1,0,0,0,123
"315520 Rio Espera",0,0,0,0,0,0,0,0,0,0,0,0,0,0,0,0,0,0,0,0,0,0,0,0,0,0,0,0,0,0,0,0,0,0,0,0,0,0,0,0,0,0,0
"315530 Rio Manso",0,0,2,0,0,0,0,1,0,0,1,0,0,0,0,0,0,0,0,0,0,0,0,0,0,0,0,0,0,0,0,0,0,0,0,0,0,0,0,0,1,0,5
"315540 Rio Novo",1,0,1,1,0,2,1,3,5,1,0,2,0,3,3,9,11,13,18,6,2,2,3,0,3,0,0,1,0,0,0,0,0,0,1,0,1,0,0,2,3,0,98
"315550 Rio Paranaíba",0,0,0,2,1,2,3,1,1,9,4,0,3,3,1,1,1,4,2,3,6,2,1,1,1,1,0,2,1,1,1,1,1,0,0,0,3,1,1,1,1,0,67
"315560 Rio Pardo de Minas",1,0,0,1,0,2,7,2,6,2,4,6,7,17,8,4,4,1,3,5,4,6,13,3,1,0,0,0,0,0,0,0,0,0,0,0,0,0,0,0,0,0,107
"315570 Rio Piracicaba",2,9,3,8,16,13,14,8,5,7,1,6,5,4,3,7,15,12,11,2,3,2,2,1,0,2,2,6,1,1,1,0,0,0,0,0,2,2,2,1,0,0,179
"315580 Rio Pomba",0,2,0,6,1,4,8,41,51,12,24,21,18,13,15,6,2,5,13,17,21,7,7,11,3,1,1,0,0,0,0,0,0,0,0,0,0,0,0,0,1,0,311
"315590 Rio Preto",0,0,1,0,0,0,0,1,1,0,0,0,3,10,4,0,0,4,4,1,0,0,0,2,6,3,2,1,0,0,0,0,0,0,0,0,0,0,0,0,0,0,43
"315600 Rio Vermelho",0,0,0,1,0,0,1,0,0,0,0,0,0,0,0,0,0,0,0,0,0,0,0,0,0,0,0,0,0,0,0,0,0,0,0,0,0,0,0,0,0,0,2
"315610 Ritápolis",0,0,0,0,0,0,0,1,0,0,4,0,1,1,3,0,1,0,0,0,0,0,0,0,0,0,0,0,0,0,0,0,0,0,0,0,0,0,0,1,0,0,12
"315620 Rochedo de Minas",0,0,0,0,0,0,6,2,1,0,0,0,0,2,3,1,2,0,0,1,0,1,0,0,0,0,0,0,0,0,0,0,0,0,0,0,0,0,0,1,0,0,20
"315630 Rodeiro",0,1,6,5,4,5,23,22,4,9,20,15,8,10,24,10,14,8,9,1,0,0,3,0,1,0,0,0,0,0,1,0,1,0,0,0,0,0,0,0,0,0,204
"315640 Romaria",0,0,0,0,0,0,0,1,0,1,2,3,0,6,2,0,0,0,0,0,0,0,0,0,0,0,0,0,0,0,0,0,0,0,0,0,0,0,0,0,0,0,15
"315645 Rosário da Limeira",0,0,0,0,0,0,3,5,2,0,0,0,0,0,6,1,0,0,0,0,0,0,0,1,0,0,0,0,0,0,0,0,0,0,0,0,0,0,0,0,0,0,18
"315650 Rubelita",0,0,0,2,0,0,1,1,0,0,1,2,0,0,0,1,0,0,0,0,0,0,0,0,0,0,0,0,0,0,0,0,0,0,0,0,0,0,0,0,0,0,8
"315660 Rubim",0,0,1,2,1,0,0,0,0,0,0,0,0,0,0,0,4,3,0,3,4,1,0,1,0,0,0,0,0,0,0,0,0,0,0,0,0,0,0,0,0,0,20
"315670 Sabará",14,44,34,35,51,54,55,82,73,60,62,57,80,53,65,44,43,43,37,30,19,22,19,12,14,4,5,6,10,4,7,8,6,3,6,9,13,18,36,23,1,4,1265
"315680 Sabinópolis",0,1,1,4,0,0,0,1,1,1,2,0,0,0,1,0,1,0,0,0,0,0,0,0,0,0,0,0,0,0,0,0,0,0,0,0,0,0,0,0,0,0,13
"315690 Sacramento",1,1,1,1,4,6,11,10,12,13,20,20,11,19,9,5,12,11,13,12,7,3,1,1,1,1,1,1,0,0,0,0,0,0,1,0,0,2,2,2,3,2,220
"315700 Salinas",0,1,3,1,0,2,1,2,0,3,0,0,1,2,0,0,1,10,26,38,27,1,5,1,2,0,8,8,17,5,2,4,4,5,3,0,4,0,0,12,14,0,213
"315710 Salto da Divisa",0,0,1,0,0,0,0,1,1,1,0,1,1,0,0,0,0,0,0,0,0,0,1,0,0,0,0,0,0,0,1,0,0,0,0,0,0,0,0,0,0,0,8
"315720 Santa Bárbara",0,0,0,3,0,2,0,1,1,1,0,2,1,0,0,0,0,0,0,0,0,1,0,0,0,0,0,1,2,0,0,0,0,0,0,0,0,0,1,1,0,1,18
"315725 Santa Bárbara do Leste",0,0,0,0,0,1,1,0,0,0,1,1,0,0,0,0,0,0,0,0,0,0,0,0,0,0,0,0,0,0,0,0,0,0,0,0,0,0,0,0,0,0,4
"315727 Santa Bárbara do Monte Verde",0,0,0,1,1,0,0,0,1,2,0,2,0,1,1,3,1,1,3,1,5,0,5,1,2,0,1,0,0,0,0,0,1,2,0,0,0,1,2,2,0,0,40
"315730 Santa Bárbara do Tugúrio",0,0,0,0,0,1,0,0,4,6,12,23,9,13,17,12,1,2,0,1,3,8,1,0,0,0,0,0,0,0,0,0,0,0,0,0,0,0,0,0,0,0,113
"315733 Santa Cruz de Minas",0,0,0,0,0,0,1,0,0,0,0,0,0,1,0,0,0,1,1,0,0,0,0,0,0,0,0,0,0,0,0,0,0,0,0,0,0,0,0,0,0,0,4
"315737 Santa Cruz de Salinas",0,0,0,1,0,0,0,0,0,0,3,1,3,0,0,0,1,0,0,1,1,1,0,0,0,0,0,0,0,0,0,0,0,0,0,0,0,0,0,0,0,0,12
"315740 Santa Cruz do Escalvado",0,0,0,3,0,3,1,3,1,2,3,8,4,1,1,3,1,0,0,0,0,0,1,0,0,0,0,0,0,0,0,0,0,0,0,0,0,0,0,0,0,0,35
"315750 Santa Efigênia de Minas",0,0,0,0,0,0,0,0,2,3,1,2,0,0,0,0,0,0,0,0,1,0,0,0,0,0,0,0,0,0,0,0,0,0,0,0,0,0,0,0,0,0,9
"315760 Santa Fé de Minas",0,0,0,0,3,1,0,1,2,0,0,0,1,0,1,1,1,0,0,1,0,0,0,0,0,0,0,0,0,0,0,0,0,0,0,0,0,0,0,0,0,0,12
"315765 Santa Helena de Minas",0,0,0,0,0,0,0,0,0,0,0,0,0,0,0,0,0,0,0,0,0,0,0,0,0,0,0,0,0,0,0,0,0,0,0,0,0,0,0,1,1,0,2
"315770 Santa Juliana",0,1,3,0,0,2,2,2,7,1,1,3,5,4,2,5,4,3,4,9,9,3,8,2,0,0,2,0,0,0,0,0,0,0,0,0,0,0,0,0,0,0,82
"315780 Santa Luzia",2,7,23,9,8,28,17,11,11,9,15,6,12,16,9,18,7,7,19,11,5,3,5,4,5,3,3,1,2,4,5,1,1,3,3,4,3,9,14,4,6,1,334
"315790 Santa Margarida",0,1,0,0,0,1,0,0,0,0,1,2,0,0,0,0,0,0,0,0,0,0,0,0,0,0,0,0,0,0,0,0,0,0,0,0,0,0,0,0,1,1,7
"315800 Santa Maria de Itabira",0,0,0,1,0,0,1,0,0,0,0,0,0,0,0,0,0,0,0,0,1,0,0,0,0,0,0,0,0,1,0,0,0,0,1,0,0,0,0,0,0,0,5
"315810 Santa Maria do Salto",1,3,3,6,6,14,11,10,11,1,2,3,4,3,1,0,0,1,0,0,0,2,0,0,1,0,0,1,0,0,0,0,0,0,0,0,0,0,0,0,0,0,84
"315820 Santa Maria do Suaçuí",0,0,0,1,3,4,1,0,2,1,8,11,15,9,8,0,0,0,0,1,1,0,0,0,0,1,0,0,0,1,0,0,0,0,0,0,0,0,0,0,0,0,67
"315920 Santa Rita de Caldas",0,0,0,0,0,7,2,1,6,0,3,0,0,1,1,0,3,0,0,1,0,0,0,0,0,0,0,0,0,0,0,0,0,0,0,0,0,0,0,0,0,0,25
"315930 Santa Rita de Jacutinga",2,0,0,0,0,0,0,1,0,0,0,0,0,2,0,0,0,0,0,0,0,0,0,0,0,0,0,0,0,0,0,0,0,0,0,0,0,0,0,0,0,0,5
"315935 Santa Rita de Minas",0,0,0,0,0,0,0,0,0,0,0,0,0,0,0,0,0,0,0,0,0,0,0,0,0,0,0,0,0,0,0,0,0,0,0,0,0,0,0,0,0,0,0
"315940 Santa Rita do Ibitipoca",0,1,0,0,0,0,0,0,0,0,0,0,0,0,0,0,0,0,0,0,0,0,0,0,0,0,0,0,0,0,0,0,0,0,0,0,0,0,0,1,0,0,2
"315950 Santa Rita do Itueto",0,0,2,2,1,0,0,0,1,0,0,0,0,0,0,0,0,0,0,0,0,0,0,0,0,0,0,0,0,0,0,0,0,0,0,0,0,0,0,0,0,1,7
"315960 Santa Rita do Sapucaí",8,12,3,10,4,5,12,21,18,9,21,25,48,65,52,63,64,73,71,36,38,46,24,19,11,8,8,1,6,5,3,0,0,3,1,0,0,8,9,16,10,1,837
"315970 Santa Rosa da Serra",0,0,0,0,0,0,0,0,0,0,0,0,1,0,0,0,0,0,2,1,1,0,0,0,0,0,0,1,0,0,0,0,0,0,0,0,0,0,0,0,0,0,6
"315980 Santa Vitória",1,2,2,3,4,3,3,9,10,7,15,14,23,15,29,9,16,9,8,10,12,9,5,4,4,2,2,0,0,0,0,2,0,1,1,1,0,0,0,1,1,0,237
"315830 Santana da Vargem",1,1,0,0,1,0,0,2,1,0,4,4,0,0,0,0,1,0,0,0,0,0,0,0,0,1,1,0,0,0,0,0,0,0,0,0,1,0,0,0,1,1,20
"315840 Santana de Cataguases",0,2,1,1,0,0,0,0,0,0,0,4,14,17,20,23,10,4,2,2,0,1,0,0,0,0,0,0,0,0,0,0,0,0,0,0,0,0,0,0,0,0,101
"315850 Santana de Pirapama",0,3,0,0,0,0,1,2,0,0,0,0,0,0,0,0,0,0,1,1,1,1,1,0,0,0,0,0,0,0,0,0,0,0,0,1,0,0,0,0,0,0,12
"315860 Santana do Deserto",0,0,0,1,0,0,0,1,0,0,0,0,0,1,0,0,1,0,0,8,17,1,0,0,0,1,0,0,0,0,0,0,0,0,0,0,1,0,1,0,0,0,33
"315870 Santana do Garambéu",0,0,0,0,0,0,0,0,0,0,0,0,2,0,0,0,0,0,0,0,0,0,0,0,0,0,0,0,0,0,0,0,0,0,0,0,0,0,0,0,0,0,2
"315880 Santana do Jacaré",0,0,0,0,3,1,2,3,3,3,8,8,14,12,5,2,15,11,16,6,5,1,3,0,0,0,0,0,0,0,0,0,0,2,0,0,0,0,0,0,1,0,124
"315890 Santana do Manhuaçu",0,0,0,0,0,0,6,1,2,1,3,0,0,2,0,1,0,0,2,2,1,2,0,0,0,0,0,0,0,0,0,0,0,0,0,0,0,0,0,0,0,0,23
"315895 Santana do Paraíso",0,4,1,9,13,7,5,6,3,0,4,3,3,4,4,1,1,0,0,0,0,0,0,0,0,0,0,0,0,0,0,1,2,0,0,1,0,2,1,0,0,0,75
"315900 Santana do Riacho",0,0,0,0,0,1,0,0,0,0,0,0,1,0,1,0,0,0,0,0,0,0,0,0,0,0,0,0,0,0,0,0,0,0,0,0,0,0,0,0,0,0,3
"315910 Santana dos Montes",0,0,0,0,0,0,0,0,0,0,0,0,0,0,0,0,0,0,0,0,0,0,0,0,0,0,0,0,0,0,0,0,0,0,0,0,0,0,0,0,0,0,0
"315990 Santo Antônio do Amparo",0,0,0,1,0,0,0,0,1,0,1,1,3,0,0,1,2,1,0,1,0,2,0,0,0,0,0,0,3,3,0,1,4,1,3,3,1,0,0,2,1,0,36
"316000 Santo Antônio do Aventureiro",0,0,1,0,4,7,4,4,8,4,2,10,11,6,2,3,6,5,1,1,0,0,1,0,0,0,0,0,0,0,0,0,0,0,0,0,0,0,0,1,0,0,81
"316010 Santo Antônio do Grama",0,0,0,0,0,1,2,0,0,0,1,4,0,5,1,2,1,4,1,2,1,1,3,2,0,0,0,0,0,0,0,0,0,0,0,0,0,0,0,0,0,0,31
"316020 Santo Antônio do Itambé",0,1,0,0,0,0,0,0,0,0,0,0,0,0,1,0,0,0,0,0,0,0,0,0,0,0,0,0,0,0,0,0,0,0,0,0,0,0,0,0,0,0,2
"316030 Santo Antônio do Jacinto",0,0,3,13,13,10,9,9,2,0,4,23,14,14,12,3,1,6,3,2,1,0,1,2,0,0,0,0,1,0,0,0,0,0,0,0,0,0,0,0,0,0,146
"316040 Santo Antônio do Monte",0,0,0,1,1,0,2,2,1,0,0,2,0,7,1,2,1,0,0,1,0,0,0,0,1,1,2,1,0,0,1,0,0,1,1,0,0,1,0,1,0,2,33
"316045 Santo Antônio do Retiro",0,0,0,0,0,0,0,2,1,0,1,0,0,0,0,0,0,0,0,0,0,0,0,0,0,0,0,0,0,0,0,0,0,0,0,0,0,0,0,0,0,0,4
"316050 Santo Antônio do Rio Abaixo",0,0,0,0,0,0,0,0,0,0,0,0,0,0,0,0,0,0,0,0,0,0,0,0,0,0,0,0,0,0,0,0,0,0,0,0,0,0,0,0,0,0,0
"316060 Santo Hipólito",1,2,1,1,1,2,1,2,0,0,1,1,0,1,2,0,1,3,0,1,0,0,0,0,0,0,0,0,0,0,0,0,0,0,0,0,0,0,0,0,0,0,21
"316070 Santos Dumont",0,0,0,0,0,0,0,0,0,0,4,0,0,0,0,0,0,0,1,0,0,0,0,0,0,0,0,0,0,0,0,0,0,0,0,0,0,0,0,0,0,0,5
"316080 São Bento Abade",0,0,0,0,0,0,0,0,2,0,1,6,0,2,0,3,0,3,0,1,1,0,0,9,0,1,0,0,0,0,0,0,0,0,0,0,0,0,0,0,0,0,29
"316090 São Brás do Suaçuí",1,1,0,2,5,0,0,3,3,3,0,1,4,0,4,1,1,3,4,6,1,3,0,0,0,0,1,0,0,0,1,0,0,0,0,0,0,2,1,1,1,0,53
"316095 São Domingos das Dores",0,0,0,1,2,0,0,0,1,1,5,0,0,1,0,1,0,0,0,1,1,0,0,0,0,0,0,0,0,0,0,0,0,0,1,0,0,0,0,0,0,0,15
"316100 São Domingos do Prata",0,0,0,0,0,0,0,0,0,0,0,0,0,1,0,0,0,0,0,0,0,0,0,0,0,0,0,0,0,0,0,0,0,0,0,0,0,0,0,0,0,0,1
"316105 São Félix de Minas",0,0,0,0,0,0,0,2,0,0,0,0,0,0,0,0,0,0,0,0,0,0,0,0,0,0,0,0,0,0,0,0,0,0,0,0,0,0,0,0,0,0,2
"316110 São Francisco",4,6,8,6,8,13,18,22,24,16,10,5,8,11,15,8,4,3,1,2,2,2,2,2,0,0,1,0,0,0,0,1,0,0,1,0,1,1,1,1,0,0,207
"316120 São Francisco de Paula",0,0,0,0,0,0,0,0,0,0,0,0,1,0,0,0,0,0,0,1,0,0,0,0,0,0,2,0,0,0,0,0,0,0,1,0,0,0,0,0,0,0,5
"316130 São Francisco de Sales",4,11,11,10,17,19,19,22,17,20,6,16,15,2,3,5,4,3,7,4,7,0,4,2,3,0,0,2,1,2,0,0,2,2,2,2,0,2,3,2,1,0,252
"316140 São Francisco do Glória",0,2,6,6,5,15,36,28,23,23,17,21,21,16,7,1,0,0,0,0,1,0,0,0,0,0,0,0,0,0,0,0,0,0,0,0,0,0,0,0,0,0,228
"316150 São Geraldo",1,1,3,10,24,40,40,47,32,18,19,23,9,10,18,5,31,45,12,12,13,8,8,3,1,4,1,1,0,0,0,1,1,0,0,0,0,0,0,0,0,0,441
"316160 São Geraldo da Piedade",0,0,0,0,2,4,0,1,0,0,0,1,3,0,0,0,0,0,0,1,0,0,2,0,0,0,0,0,1,0,0,0,0,0,0,0,0,0,0,0,0,0,15
"316165 São Geraldo do Baixio",0,0,0,0,0,0,0,0,0,0,0,0,0,0,0,0,0,0,0,0,0,0,0,0,0,0,0,0,0,0,0,0,0,0,0,0,0,0,0,0,0,0,0
"316170 São Gonçalo do Abaeté",0,0,0,0,0,0,0,0,0,0,0,0,0,0,1,1,0,0,0,0,2,0,1,0,0,1,0,0,0,0,0,0,0,0,0,0,0,0,0,0,0,0,6
"316180 São Gonçalo do Pará",0,0,0,0,0,0,4,20,16,6,1,5,2,3,2,1,4,2,1,0,2,0,0,1,0,0,0,0,0,0,0,0,0,1,0,0,0,1,1,0,2,6,81
"316190 São Gonçalo do Rio Abaixo",0,1,1,2,0,3,3,1,5,2,3,2,2,2,3,3,3,2,2,1,7,3,1,0,2,0,0,1,0,3,1,0,1,1,0,0,0,1,1,0,1,0,64
"312550 São Gonçalo do Rio Preto",0,0,0,1,0,0,0,1,1,0,0,0,0,0,0,0,0,0,0,0,0,0,0,0,0,0,0,0,0,0,0,0,0,0,0,0,0,0,0,0,0,0,3
"316200 São Gonçalo do Sapucaí",0,0,0,0,0,0,0,0,1,1,1,0,0,2,5,0,0,1,0,0,0,0,0,0,0,0,0,0,0,0,0,0,0,0,0,0,0,0,1,0,0,1,13
"316210 São Gotardo",1,0,0,1,1,2,1,0,2,1,5,4,0,6,5,12,7,19,13,19,13,6,5,3,2,2,1,0,0,1,0,0,0,0,1,0,0,0,0,0,0,0,133
"316220 São João Batista do Glória",1,6,1,5,6,6,8,1,3,2,1,2,3,0,1,1,0,0,1,1,1,0,1,0,1,0,0,0,0,0,0,0,0,0,0,0,0,0,0,0,0,0,52
"316225 São João da Lagoa",0,0,4,2,7,2,3,1,2,2,1,1,0,1,3,0,0,0,0,0,1,0,1,0,0,0,0,0,0,0,0,0,1,0,0,0,0,0,0,1,3,2,38
"316230 São João da Mata",0,0,0,0,0,0,0,0,0,0,0,0,0,0,0,0,0,0,0,0,0,0,0,0,0,0,0,0,0,0,0,0,0,0,0,0,0,0,0,0,0,0,0
"316240 São João da Ponte",3,0,0,0,0,0,0,0,0,0,0,0,0,1,0,0,0,0,0,0,0,0,0,1,2,12,2,0,0,0,0,1,4,2,1,1,0,1,0,1,4,0,36
"316245 São João das Missões",0,0,3,0,1,1,1,0,1,2,2,0,0,0,1,1,0,0,0,0,0,0,0,0,0,0,0,0,0,0,0,0,0,0,0,0,0,0,0,0,0,0,13
"316250 São João del Rei",0,0,2,2,2,4,0,1,3,3,6,2,3,3,3,3,6,8,2,5,3,1,1,2,0,0,0,0,0,0,0,0,0,1,0,0,2,0,1,1,1,0,71
"316255 São João do Manhuaçu",0,0,0,0,1,0,1,0,0,0,0,0,0,0,0,0,0,1,0,0,0,0,0,0,1,0,0,0,1,0,0,0,0,1,0,1,0,0,0,0,0,0,7
"316257 São João do Manteninha",0,0,0,0,0,0,0,1,0,1,1,4,2,3,0,0,0,0,0,0,0,0,0,0,0,0,0,0,0,0,0,0,0,0,0,0,0,0,0,0,0,0,12
"316260 São João do Oriente",2,5,1,2,6,2,4,3,1,0,2,0,1,4,1,2,0,1,1,0,0,0,0,0,0,0,0,0,0,0,0,0,0,0,0,0,2,0,0,0,0,0,40
"316265 São João do Pacuí",0,2,0,0,0,0,0,0,0,0,0,0,0,0,0,0,0,0,0,0,0,0,0,0,0,0,0,0,0,0,0,0,0,0,0,0,0,0,0,0,0,0,2
"316270 São João do Paraíso",0,0,0,0,2,0,1,0,0,0,1,1,0,0,1,1,3,1,1,4,3,0,1,0,0,3,2,0,0,0,0,1,1,0,0,1,0,0,0,0,0,0,28
"316280 São João Evangelista",0,0,0,0,0,0,4,1,0,0,3,5,11,2,2,0,1,3,1,2,0,0,1,0,0,0,0,0,1,0,0,0,0,0,0,0,0,0,0,0,0,0,37
"316290 São João Nepomuceno",1,3,5,12,25,34,38,76,65,36,57,88,65,48,26,56,36,51,35,33,30,25,13,17,7,4,2,1,5,1,2,1,0,1,1,0,0,3,4,3,1,1,912
"316292 São Joaquim de Bicas",2,0,1,0,1,0,0,2,1,0,22,14,11,3,27,9,3,11,14,8,0,0,1,0,0,3,0,0,0,0,0,0,0,1,0,0,0,0,0,1,0,0,135
"316294 São José da Barra",0,2,1,3,3,5,4,0,3,3,4,2,0,0,1,1,1,1,3,1,0,6,1,0,0,1,0,0,0,1,0,0,0,0,2,2,2,0,0,0,1,0,54
"316295 São José da Lapa",1,0,0,4,2,2,1,2,2,0,1,0,0,3,6,1,0,6,3,2,0,1,1,0,0,0,0,0,0,0,0,0,1,1,0,1,0,0,3,5,1,1,51
"316300 São José da Safira",0,1,0,4,4,0,0,0,0,0,0,3,2,17,3,5,1,4,9,1,0,0,0,0,0,0,0,0,0,0,0,0,0,0,0,0,0,0,0,0,0,0,54
"316310 São José da Varginha",0,0,0,0,1,0,0,2,0,0,0,0,1,0,0,2,0,0,1,1,1,0,0,0,0,0,0,0,1,0,0,0,0,0,0,0,1,0,0,0,0,0,11
"316320 São José do Alegre",0,0,1,0,0,0,0,0,0,0,0,0,0,0,1,1,0,1,1,0,0,0,0,0,0,0,0,0,0,0,0,0,0,0,0,0,0,0,0,0,0,0,5
"316330 São José do Divino",0,0,0,0,0,0,0,0,0,0,0,0,0,0,0,0,0,0,0,0,0,0,0,0,0,0,0,0,0,0,0,0,0,0,0,0,0,0,0,0,0,0,0
"316340 São José do Goiabal",0,1,0,0,0,3,0,9,6,1,3,1,4,4,5,7,10,11,3,0,0,0,0,0,0,0,1,0,0,0,0,0,0,0,0,0,0,0,0,0,0,0,69
"316350 São José do Jacuri",0,2,1,0,1,1,0,0,0,0,0,0,0,0,0,0,0,1,0,0,0,0,0,0,0,0,0,0,0,0,0,0,0,0,0,0,0,0,0,0,1,1,8
"316360 São José do Mantimento",0,0,0,0,0,0,0,0,0,0,0,0,0,0,0,0,0,0,0,0,0,0,0,0,0,0,0,0,0,0,0,0,0,0,0,0,0,0,0,0,0,0,0
"316370 São Lourenço",1,3,0,2,3,0,1,1,2,0,1,1,3,0,2,3,1,1,2,3,4,7,0,0,1,0,0,1,0,0,0,1,0,0,0,0,1,1,1,1,5,1,54
"316380 São Miguel do Anta",0,0,0,0,0,0,0,0,0,0,0,0,4,5,0,2,2,0,1,0,0,0,0,0,0,0,0,0,0,0,0,0,0,0,0,0,0,0,0,0,0,0,14
"316390 São Pedro da União",0,1,2,1,1,0,0,0,0,0,0,0,0,0,4,3,0,1,0,0,0,0,0,0,0,0,0,0,0,0,0,0,0,0,0,0,0,0,0,0,0,0,13
"316410 São Pedro do Suaçuí",0,0,0,0,0,0,0,0,0,0,0,0,0,0,0,0,0,0,0,0,0,0,0,0,0,0,0,0,0,0,0,0,0,0,0,0,0,0,0,0,0,0,0
"316400 São Pedro dos Ferros",0,0,4,0,2,4,4,2,1,1,3,1,4,4,1,0,4,0,3,3,0,0,0,0,0,0,1,1,0,0,1,0,0,0,0,0,0,0,1,2,0,0,47
"316420 São Romão",0,0,0,0,2,1,10,4,2,2,1,1,0,0,0,0,0,0,0,0,0,0,0,0,0,0,0,0,0,0,0,0,0,0,0,0,0,0,0,0,0,0,23
"316430 São Roque de Minas",1,2,3,1,0,2,0,4,0,1,5,2,4,2,4,3,0,0,8,1,2,0,0,0,0,1,0,0,0,0,0,0,0,0,0,0,0,0,0,0,0,0,46
"316440 São Sebastião da Bela Vista",0,0,0,0,0,3,1,1,0,0,0,0,0,0,1,0,1,0,0,0,1,0,0,0,0,0,0,0,0,0,0,0,0,0,0,0,0,0,0,0,0,0,8
"316443 São Sebastião da Vargem Alegre",0,0,0,4,0,9,0,0,0,0,0,0,0,1,0,0,0,0,0,0,0,0,0,0,0,0,0,0,0,0,0,0,0,0,0,0,0,0,0,0,0,0,14
"316447 São Sebastião do Anta",0,0,0,0,0,0,0,0,0,0,0,0,0,0,0,0,0,0,0,0,0,0,0,0,0,0,0,0,0,0,0,0,0,0,0,0,0,0,0,0,0,0,0
"316450 São Sebastião do Maranhão",0,0,0,0,0,0,0,0,0,0,0,1,0,0,0,0,0,0,0,0,0,0,0,0,0,0,0,0,0,0,0,0,0,0,0,0,0,0,0,0,0,0,1
"316460 São Sebastião do Oeste",0,0,0,0,0,0,0,1,0,0,1,0,0,1,0,1,2,4,0,1,5,0,1,2,0,0,0,0,0,0,0,0,0,0,0,0,0,0,0,1,0,0,20
"316470 São Sebastião do Paraíso",3,4,7,13,23,28,36,31,85,57,90,94,98,82,67,90,63,55,57,51,36,21,15,10,17,6,8,3,3,1,8,0,0,0,1,0,0,7,4,4,12,6,1196
"316480 São Sebastião do Rio Preto",0,0,0,0,2,1,0,0,0,0,0,0,0,0,1,0,0,0,2,2,0,0,0,0,0,0,0,0,0,0,0,0,0,0,0,0,0,0,0,0,0,0,8
"316490 São Sebastião do Rio Verde",0,1,1,1,1,2,1,5,2,0,1,3,0,0,0,0,0,0,1,0,0,0,0,0,0,0,0,0,0,0,0,0,0,0,0,0,0,0,0,0,0,0,19
"316500 São Tiago",0,0,0,1,2,1,0,1,1,0,0,0,0,0,0,1,0,0,0,0,0,0,0,0,0,0,0,0,0,0,0,0,0,1,0,0,0,0,0,0,0,0,8
"316510 São Tomás de Aquino",0,2,0,0,0,0,1,0,2,2,3,2,2,3,4,4,3,5,0,4,2,1,0,0,0,0,0,0,0,1,0,0,0,1,0,0,0,1,0,5,6,4,58
"316520 São Tomé das Letras",0,0,0,0,0,0,0,0,0,0,0,0,0,0,0,0,0,0,0,1,0,0,0,0,0,0,0,0,0,0,0,0,0,0,0,0,0,0,0,0,0,0,1
"316530 São Vicente de Minas",0,0,0,0,0,0,1,0,0,0,0,0,0,0,0,0,1,1,0,1,0,0,0,0,0,0,0,0,1,0,0,0,0,0,0,0,0,0,0,0,0,0,5
"316540 Sapucaí-Mirim",0,1,1,0,0,0,0,2,0,2,0,0,0,0,0,0,0,1,0,0,0,0,0,0,0,2,0,0,0,0,0,0,0,0,0,0,0,0,1,2,2,0,14
"316550 Sardoá",0,0,0,0,0,1,0,0,0,0,0,0,0,0,0,0,0,0,0,0,0,0,0,0,0,0,0,0,0,0,0,0,0,0,0,0,0,0,0,0,0,0,1
"316553 Sarzedo",3,7,4,6,2,8,5,9,12,1,0,3,1,10,0,3,0,0,0,0,0,0,0,0,0,0,0,0,0,0,1,0,0,0,0,0,0,0,1,0,1,0,77
"316556 Sem-Peixe",0,0,0,0,0,0,0,1,0,0,0,0,0,0,0,0,0,0,0,0,0,0,0,0,0,0,0,0,0,0,0,0,0,0,0,0,0,0,0,0,0,0,1
"316557 Senador Amaral",0,0,0,0,0,0,0,0,0,0,0,0,0,0,0,0,0,0,0,0,0,0,0,0,0,0,0,0,0,0,0,0,0,0,0,0,0,0,0,0,0,0,0
"316560 Senador Cortes",0,0,0,0,6,4,9,18,14,15,14,15,8,10,7,0,5,1,1,3,0,0,0,2,0,1,0,0,0,0,0,0,0,0,0,0,0,0,0,0,0,0,133
"316570 Senador Firmino",0,0,0,0,2,1,0,2,0,2,0,0,0,2,0,1,3,5,1,5,4,0,2,0,0,0,0,0,0,0,0,1,0,0,0,0,0,0,0,0,0,1,32
"316580 Senador José Bento",0,0,0,0,0,0,1,0,0,0,0,1,0,2,1,0,0,0,0,0,1,0,0,1,0,0,0,0,0,0,0,0,0,0,0,0,0,0,0,0,0,0,7
"316590 Senador Modestino Gonçalves",0,0,0,0,5,2,0,1,0,0,0,0,0,0,0,0,0,0,0,0,0,0,0,0,0,0,0,0,0,0,0,0,0,0,0,0,0,0,0,0,0,0,8
"316600 Senhora de Oliveira",0,0,0,1,0,0,0,0,0,0,0,0,0,0,0,0,0,0,0,0,0,0,0,0,0,0,0,0,0,0,0,0,0,0,0,0,0,0,0,0,0,0,1
"316610 Senhora do Porto",0,0,0,0,0,0,0,0,0,0,0,0,1,0,0,1,0,0,0,0,0,0,0,0,0,0,0,0,0,0,0,0,0,0,0,0,0,0,0,0,0,0,2
"316620 Senhora dos Remédios",0,0,0,0,0,0,0,0,0,0,0,1,0,0,1,0,0,1,0,0,0,3,1,0,0,0,0,0,0,0,1,0,0,0,0,0,1,0,1,0,0,0,10
"316630 Sericita",0,0,0,0,0,0,0,0,0,0,1,0,0,0,0,0,0,0,0,0,0,0,0,0,0,0,0,0,0,0,0,0,0,0,0,0,0,0,0,0,0,0,1
"316640 Seritinga",0,0,0,0,0,0,0,0,0,0,0,0,0,0,0,0,0,0,0,0,0,0,0,0,0,0,0,0,0,0,0,0,0,0,0,0,0,0,0,0,0,0,0
"316650 Serra Azul de Minas",0,0,0,0,0,0,0,0,0,0,2,0,0,0,0,0,0,0,0,0,0,0,0,0,0,0,0,0,0,0,0,0,0,0,0,0,0,0,0,0,0,0,2
"316660 Serra da Saudade",0,0,1,3,1,1,0,0,0,0,0,3,1,1,0,0,0,0,0,0,0,0,0,0,1,0,0,0,0,0,0,0,0,0,0,0,0,0,0,0,0,0,12
"316680 Serra do Salitre",2,0,0,0,0,0,2,0,3,5,2,2,0,1,2,0,1,0,5,1,6,2,1,2,0,0,1,1,0,1,0,0,1,0,0,1,2,0,2,0,0,3,49
"316670 Serra dos Aimorés",0,1,2,1,0,1,0,0,0,0,0,0,0,0,0,0,0,1,0,0,0,1,1,0,0,0,0,0,0,2,0,0,0,1,2,0,0,0,0,1,0,0,14
"316690 Serrania",0,0,0,0,0,0,2,0,0,0,2,2,3,5,2,2,0,1,0,0,2,1,2,2,2,0,1,0,0,0,0,0,0,0,1,0,1,0,0,1,2,0,34
"316695 Serranópolis de Minas",0,0,0,0,0,2,1,0,0,0,0,0,0,0,0,0,0,0,0,0,1,0,0,1,0,0,0,0,0,0,0,0,0,0,0,0,0,0,0,0,0,2,7
"316700 Serranos",0,0,0,0,0,0,0,0,0,0,0,0,0,0,0,0,0,0,0,0,0,0,0,0,0,0,0,0,0,0,0,0,0,0,0,0,0,0,0,0,0,0,0
"316710 Serro",0,2,6,3,4,0,4,6,4,3,3,3,2,2,2,2,6,4,7,5,0,3,1,0,0,0,0,2,0,1,0,0,0,1,1,0,0,1,0,2,2,0,82
"316720 Sete Lagoas",1,1,1,1,0,1,3,2,1,1,0,2,2,1,2,0,0,2,2,2,1,0,1,0,0,1,0,0,0,0,0,0,0,0,0,0,0,0,1,8,8,2,47
"316555 Setubinha",0,0,0,0,0,0,0,0,0,0,0,0,0,0,0,0,0,0,0,0,0,0,0,0,0,0,0,0,0,0,0,0,0,0,0,0,0,0,0,0,0,0,0
"316730 Silveirânia",0,0,0,0,0,0,6,19,20,3,3,2,3,0,0,0,0,0,0,1,5,4,5,1,0,2,0,0,0,1,0,0,0,0,1,0,2,0,3,0,1,0,82
"316740 Silvianópolis",0,0,0,0,1,0,0,0,0,3,12,19,31,23,34,29,21,17,5,3,3,1,0,0,0,0,0,0,0,0,0,0,0,0,0,0,0,0,0,0,0,0,202
"316750 Simão Pereira",0,0,0,0,0,0,0,0,0,0,0,0,0,0,0,0,0,0,0,2,1,0,0,0,0,0,0,0,0,0,0,0,0,1,1,0,2,1,0,0,0,0,8
"316760 Simonésia",0,0,0,0,0,0,1,0,1,0,1,0,3,0,1,0,1,0,0,0,0,0,0,0,0,0,0,0,0,0,0,0,0,0,0,0,0,0,0,0,0,0,8
"316770 Sobrália",0,0,0,0,3,0,3,1,2,0,0,0,2,0,0,0,0,0,0,0,0,0,0,0,0,0,0,0,0,0,0,0,0,1,0,0,0,0,0,0,0,0,12
"316780 Soledade de Minas",0,0,0,0,0,0,0,0,0,1,0,1,0,0,0,0,1,0,0,0,1,0,0,0,0,0,0,0,0,0,0,0,0,0,0,0,0,0,0,0,0,0,4
"316790 Tabuleiro",1,3,0,0,2,2,0,0,2,1,0,1,1,1,2,2,1,3,1,0,0,0,0,0,0,0,1,0,0,0,1,0,0,0,0,0,0,0,0,0,0,0,25
"316800 Taiobeiras",4,3,5,4,2,5,3,6,7,8,4,8,11,13,9,5,6,7,9,8,6,3,2,9,3,5,7,3,1,1,2,1,1,0,1,0,1,1,1,1,1,2,179
"316805 Taparuba",2,1,8,9,0,0,1,1,0,0,0,1,0,0,0,0,0,0,0,0,0,0,0,0,0,0,1,0,0,0,0,0,0,0,0,0,0,0,0,0,0,0,24
"316810 Tapira",0,0,1,0,0,1,1,0,0,0,0,0,0,0,0,0,0,0,0,0,1,0,0,0,3,0,0,0,0,0,0,0,0,0,0,0,0,0,0,0,0,0,7
"316820 Tapiraí",0,0,0,0,0,0,0,0,0,0,0,0,0,0,0,0,0,0,0,0,0,0,0,0,0,0,0,0,0,0,0,0,0,0,0,0,0,0,0,0,0,0,0
"316830 Taquaraçu de Minas",0,0,2,1,1,0,0,0,1,0,0,0,0,0,0,0,0,0,0,0,1,0,0,0,0,0,0,0,0,0,0,0,0,0,0,0,0,0,0,0,0,0,6
"316840 Tarumirim",0,0,0,0,0,0,0,0,0,0,0,0,0,0,0,0,0,0,0,0,0,0,0,0,0,0,0,0,0,0,0,0,0,0,0,0,0,0,0,0,0,0,0
"316850 Teixeiras",0,0,0,1,0,5,1,4,1,0,7,4,4,8,10,6,9,7,6,3,6,4,0,0,0,2,1,0,0,0,0,0,0,0,1,1,0,0,0,0,0,0,91
"316860 Teófilo Otoni",0,5,19,26,31,16,41,32,33,11,53,61,68,72,82,67,91,40,47,34,46,30,29,45,23,27,27,16,11,11,13,18,17,25,22,24,24,18,19,32,22,15,1343
"316870 Timóteo",1,6,5,3,6,9,8,5,1,1,8,3,3,6,8,3,4,0,0,7,4,2,6,0,0,4,2,2,0,1,2,3,0,2,2,1,1,2,2,1,5,0,129
"316880 Tiradentes",0,1,2,3,0,0,8,7,1,1,7,1,5,1,2,2,0,2,1,3,1,0,0,0,0,0,0,0,0,0,0,0,0,1,0,1,0,0,0,0,0,1,51
"316890 Tiros",0,2,1,0,0,0,1,2,0,5,0,0,2,1,2,0,0,0,0,0,0,0,3,0,1,0,0,0,0,0,0,0,0,0,0,0,0,0,0,0,1,0,21
"316900 Tocantins",0,8,5,5,6,11,42,61,57,9,32,19,7,8,3,0,4,1,1,1,1,0,0,0,0,0,0,0,0,0,0,0,0,0,0,0,1,0,0,0,0,0,282
"316905 Tocos do Moji",0,0,0,0,0,0,5,0,0,0,0,0,2,0,0,0,0,1,0,0,1,0,0,0,0,0,0,0,0,0,0,0,0,0,0,0,0,0,0,0,0,0,9
"316910 Toledo",0,1,0,0,0,0,1,1,0,1,0,0,2,2,0,0,2,0,0,0,1,0,0,0,0,0,0,0,0,0,0,0,0,0,0,0,0,0,0,0,0,0,11
"316920 Tombos",1,9,12,24,16,27,19,22,8,0,0,0,0,0,2,3,3,6,2,1,0,0,1,0,0,0,0,0,0,0,0,0,0,0,0,0,0,0,0,0,0,0,156
"316930 Três Corações",0,4,0,1,2,1,2,4,4,5,8,1,9,7,10,7,8,7,6,6,10,5,4,2,0,0,0,0,0,0,0,0,0,0,0,1,0,0,0,0,0,0,114
"316935 Três Marias",0,1,6,16,12,22,15,20,24,8,10,20,7,10,11,4,2,3,10,5,3,0,5,3,1,2,4,0,2,1,0,1,3,0,3,0,0,3,1,0,0,0,238
"316940 Três Pontas",1,0,0,2,2,4,9,7,10,10,14,25,28,16,31,22,34,15,17,16,15,9,13,5,5,1,0,3,1,0,0,0,0,1,0,0,4,0,1,1,3,6,331
"316950 Tumiritinga",0,2,0,0,5,2,2,2,0,0,3,2,2,0,0,0,0,4,3,2,2,3,10,0,1,0,0,0,0,0,0,0,1,0,0,0,0,0,0,0,0,0,46
"316960 Tupaciguara",26,40,50,42,57,86,61,89,82,54,115,73,57,34,82,32,31,49,30,27,19,13,10,6,8,4,2,4,1,0,0,0,0,0,0,0,0,0,0,0,0,0,1184
"316970 Turmalina",2,0,0,2,1,1,2,2,2,0,1,2,0,0,3,2,3,4,2,3,3,6,4,9,4,4,1,0,3,0,0,0,0,0,2,0,0,0,0,1,3,1,73
"316980 Turvolândia",0,0,0,0,0,0,0,0,0,0,0,0,0,0,0,0,0,0,0,0,0,0,0,0,0,0,0,2,0,0,0,0,0,0,0,0,0,0,0,0,0,0,2
"316990 Ubá",1,14,12,35,28,27,42,64,57,37,91,83,86,128,151,125,170,157,315,218,171,97,88,69,41,26,16,25,15,28,28,19,23,12,16,18,26,15,27,15,15,19,2650
"317000 Ubaí",0,3,1,3,0,0,0,3,2,3,0,4,3,2,3,2,4,0,1,0,1,3,0,0,0,0,0,0,0,0,0,0,0,0,1,0,0,0,0,0,0,0,39
"317005 Ubaporanga",0,0,0,0,0,0,0,0,0,0,0,0,0,0,0,0,0,0,0,0,0,0,0,0,0,0,0,0,0,0,0,0,0,0,0,0,0,0,0,1,0,0,1
"317010 Uberaba",23,47,80,121,124,126,175,232,394,408,525,460,441,412,354,293,307,265,278,203,174,81,129,389,59,59,159,243,113,88,105,11,18,58,95,28,50,39,29,24,23,27,7269
"317020 Uberlândia",138,379,528,779,984,985,1139,1310,1478,1251,1257,1068,1168,1204,1107,1016,1081,1041,1066,1021,866,655,512,491,319,234,210,167,120,100,93,123,70,123,115,144,163,172,148,167,156,49,25197
"317030 Umburatiba",0,0,0,0,0,0,0,0,0,0,0,0,0,0,0,0,0,0,0,0,0,0,0,0,0,0,0,0,0,0,1,0,0,0,0,0,0,0,0,0,0,0,1
"317040 Unaí",3,10,8,8,14,9,13,16,22,11,6,7,9,8,12,16,11,9,6,10,12,34,26,14,12,10,18,10,10,14,12,6,8,12,8,13,20,18,14,10,18,4,511
"317043 União de Minas",15,19,5,23,41,27,29,15,7,4,2,2,0,0,0,0,0,1,2,1,0,0,0,0,0,0,0,1,0,0,0,0,0,0,0,0,0,0,0,0,0,0,194
"317047 Uruana de Minas",0,0,0,2,1,1,0,0,3,0,1,0,0,0,0,0,0,0,0,0,0,0,0,0,0,0,0,0,0,0,0,0,1,2,0,0,0,0,0,0,0,0,11
"317050 Urucânia",0,2,3,3,3,5,4,3,3,0,4,6,4,3,0,0,0,0,1,0,0,0,0,0,0,0,0,0,0,0,0,0,0,0,0,0,0,0,0,0,0,0,44
"317052 Urucuia",0,0,0,2,4,3,3,1,2,1,2,1,1,0,2,3,2,1,0,0,1,2,0,1,1,0,0,0,1,0,0,0,0,1,0,0,0,0,0,0,0,0,35
"317057 Vargem Alegre",0,0,1,2,1,1,2,1,2,0,0,0,0,0,1,0,0,0,0,0,0,0,0,0,0,0,0,0,0,0,0,0,0,0,0,0,0,0,0,0,0,0,11
"317060 Vargem Bonita",0,0,1,1,1,0,0,1,4,0,0,4,1,0,0,2,3,0,4,0,1,0,0,0,0,1,0,0,0,0,0,0,0,0,0,0,0,0,0,0,0,0,24
"317065 Vargem Grande do Rio Pardo",0,0,0,0,0,0,0,0,0,0,0,0,0,0,0,1,0,0,1,0,0,0,0,0,0,0,0,0,0,0,0,0,0,0,0,0,0,0,0,0,0,0,2
"317070 Varginha",0,5,13,6,8,10,11,6,15,14,10,11,19,15,21,26,30,45,37,22,13,22,8,8,3,3,2,1,0,0,0,0,1,1,0,2,1,0,1,1,0,2,393
"317075 Varjão de Minas",1,0,3,5,1,2,0,0,0,0,1,0,1,0,0,0,0,1,0,0,2,1,0,0,0,0,0,0,0,0,0,0,0,0,0,1,0,0,0,0,0,0,19
"317080 Várzea da Palma",9,16,11,38,20,19,40,24,14,6,27,21,10,19,5,14,8,0,0,0,0,1,0,0,0,0,0,2,0,1,0,0,0,0,0,0,0,0,0,0,1,0,306
"317090 Varzelândia",0,1,1,2,2,1,0,6,3,1,0,0,0,0,1,0,0,1,0,0,0,0,0,0,0,0,0,0,0,0,0,0,0,0,0,0,0,0,0,0,0,0,19
"317100 Vazante",0,2,7,0,7,0,0,4,11,9,4,12,13,8,10,4,8,3,8,11,3,3,4,6,6,8,2,5,5,2,0,3,0,1,0,0,0,1,0,0,0,0,170
"317103 Verdelândia",0,0,0,1,2,0,0,0,1,0,0,0,0,0,0,0,0,0,0,0,0,0,0,0,0,0,0,0,0,0,0,0,0,0,0,0,0,0,0,0,0,0,4
"317107 Veredinha",2,7,10,12,13,2,3,2,4,0,2,7,0,6,9,6,4,8,4,15,3,2,0,1,0,0,0,0,0,0,0,0,1,0,0,0,0,1,0,1,0,0,125
"317110 Veríssimo",0,0,5,0,0,0,0,2,2,1,3,2,4,3,5,0,5,3,10,4,4,2,2,3,1,1,1,0,0,0,0,0,0,0,0,0,0,0,0,0,0,0,63
"317115 Vermelho Novo",0,0,0,0,0,0,0,0,0,0,0,2,0,1,0,0,0,0,0,0,0,0,0,0,0,0,0,0,0,0,0,0,0,0,0,0,0,0,0,0,0,0,3
"317120 Vespasiano",0,0,1,2,0,1,1,4,0,0,4,2,5,3,1,2,3,7,0,0,0,1,0,1,0,0,0,1,3,7,2,4,4,7,4,4,1,5,0,0,7,2,89
"317130 Viçosa",0,0,10,12,6,11,6,8,4,6,14,7,22,25,38,33,49,61,50,42,44,23,24,8,7,4,6,1,6,2,0,0,0,0,1,1,1,1,4,0,2,0,539
"317140 Vieiras",0,0,0,0,2,7,10,7,10,5,9,8,9,0,0,0,0,0,4,0,1,0,0,1,0,0,0,0,0,0,0,0,0,0,0,0,0,0,0,0,0,0,73
"317160 Virgem da Lapa",0,0,2,2,2,1,0,0,2,0,0,0,0,0,1,0,0,0,0,0,0,0,0,0,0,0,0,1,0,0,0,0,0,0,0,1,1,0,1,0,0,0,14
"317170 Virgínia",0,0,0,0,1,1,0,0,0,1,0,0,0,0,0,0,0,0,0,0,1,0,0,1,0,0,0,0,0,0,0,0,0,0,0,0,0,0,0,0,0,0,5
"317180 Virginópolis",0,0,0,0,0,0,1,1,0,1,0,1,0,0,0,0,0,0,0,1,0,1,1,1,0,0,0,0,0,0,0,0,0,0,0,0,0,0,0,0,1,0,9
"317190 Virgolândia",0,0,0,0,0,0,4,14,11,13,23,23,27,45,28,20,26,8,6,0,0,0,0,0,0,0,0,0,0,0,0,0,0,0,0,0,0,0,0,0,0,0,248
"317200 Visconde do Rio Branco",35,70,134,302,480,813,696,830,466,244,278,184,137,113,63,44,64,29,30,17,12,10,8,3,0,0,4,0,2,1,0,0,0,0,0,0,0,0,0,0,0,0,5069
"317210 Volta Grande",0,0,0,1,0,0,0,1,0,0,2,2,0,0,1,1,0,0,3,1,0,1,0,1,0,0,0,0,0,1,0,0,0,0,0,0,0,0,0,0,0,0,15
"317220 Wenceslau Braz",0,0,0,0,0,0,0,0,0,0,0,0,0,1,2,0,0,0,0,0,0,0,0,0,0,0,0,0,0,0,0,0,0,0,0,0,0,0,0,0,0,0,3
"310000 municipio ignorado",0,0,0,0,0,0,0,0,0,0,0,0,0,0,0,0,0,0,0,0,0,0,0,0,0,0,0,0,0,0,0,0,0,0,0,0,0,0,0,0,0,0,0
"Total",1139,2697,3392,4741,5645,6381,6799,8064,8156,6307,8244,7820,8110,7913,7665,6133,6888,6435,6933,5791,4628,3717,3158,2872,1611,1417,1251,1147,878,841,760,606,586,747,824,888,989,1164,1289,1370,1305,687,157988
